1	32	100000
2	32	100000
3	32	100000
4	32	100000
5	32	100000
6	32	100000
7	32	100000
8	32	100000
9	32	100000
10	32	100000
11	32	100000
12	32	100000
13	32	100000
14	32	100000
15	32	100000
16	32	100000
17	32	100000
18	32	100000
19	32	100000
20	32	100000
21	32	100000
22	32	100000
23	32	100000
24	32	100000
25	32	100000
26	32	100000
27	32	100000
28	32	100000
29	32	100000
30	32	100000
31	32	100000
32	32	100000
33	32	100000
34	32	100000
35	32	100000
36	32	100000
37	32	100000
38	32	100000
39	32	100000
40	32	100000
41	32	100000
42	32	100000
43	32	100000
44	32	100000
45	32	100000
46	32	100000
47	32	100000
48	32	100000
49	32	100000
50	32	100000
51	32	100000
52	32	100000
53	32	100000
54	32	100000
55	32	100000
56	32	100000
57	32	100000
58	32	100000
59	32	100000
60	32	100000
61	32	100000
62	32	100000
63	32	100000
64	32	100000
65	32	100000
66	32	100000
67	32	100000
68	32	100000
69	32	100000
70	32	100000
71	32	100000
72	32	100000
73	32	100000
74	32	100000
75	32	100000
76	32	100000
77	32	100000
78	32	100000
79	32	100000
80	32	100000
81	32	100000
82	32	100000
83	32	100000
84	32	100000
85	32	100000
86	32	100000
87	32	100000
88	32	100000
89	32	100000
90	32	100000
91	32	100000
92	32	100000
93	32	100000
94	32	100000
95	32	100000
96	32	100000
97	32	100000
98	32	100000
99	32	100000
100	32	100000
