1	1.00	0.82
2	1.00	0.80
3	1.00	0.93
4	1.00	0.85
5	1.00	0.92
6	1.00	0.88
7	1.00	0.84
8	1.00	0.75
9	1.00	0.92
10	1.00	0.81
11	1.00	0.90
12	1.00	0.86
13	1.00	0.78
14	1.00	0.90
15	1.00	0.86
16	1.00	0.72
17	1.00	0.81
18	1.00	0.72
19	1.00	0.85
20	1.00	0.85
21	1.00	0.83
22	1.00	0.94
23	1.00	0.83
24	1.00	0.88
25	1.00	0.80
26	1.00	0.94
27	1.00	0.75
28	1.00	0.91
29	1.00	0.85
30	1.00	0.90
31	1.00	0.73
32	1.00	0.95
33	1.00	0.81
34	1.00	0.88
35	1.00	0.72
36	1.00	0.87
37	1.00	0.76
38	1.00	0.70
39	1.00	1.00
40	1.00	0.77
41	1.00	0.87
42	1.00	0.76
43	1.00	0.86
44	1.00	0.64
45	1.00	0.89
46	1.00	0.74
47	1.00	0.97
48	1.00	0.90
49	1.00	0.71
50	1.00	0.78
