1	1.00	0.89
2	1.00	0.61
3	0.88	1.00
4	1.00	1.00
5	0.66	1.00
6	1.00	0.75
7	1.00	0.76
8	1.00	0.82
9	1.00	0.90
10	1.00	0.65
11	1.00	0.50
12	1.00	0.99
13	1.00	0.99
14	1.00	0.96
15	1.00	0.78
16	1.00	0.98
17	1.00	0.98
18	1.00	0.96
19	1.00	0.82
20	1.00	0.96
21	1.00	0.85
22	1.00	0.92
23	1.00	0.65
24	1.00	0.96
25	1.00	1.00
26	0.69	1.00
27	1.00	0.95
28	1.00	0.84
29	1.00	1.00
30	1.00	1.00
31	1.00	0.86
32	1.00	0.60
33	1.00	0.46
34	1.00	0.09
35	1.00	0.61
36	1.00	0.92
37	1.00	0.88
38	1.00	0.94
39	0.84	1.00
40	1.00	0.99
41	1.00	1.00
42	1.00	0.91
43	0.88	1.00
44	1.00	0.99
45	1.00	0.95
46	0.78	1.00
47	1.00	0.89
48	0.88	0.99
49	1.00	0.91
50	1.00	0.96
