0
0
0
0
0
0
0
0
0
0
0
0
0
0
0
0
0
0
0
0
0
0
0
0
0
0
0
0
0
0
0
0
0
0
0
0
0
0
0
0
0
0
0
0
0
0
0
0
0
0
0
0
0
0
0
0
0
0
0
0
0
0
0
0
0
0
0
0
0
0
0
0
0
0
0
0
0
0
0
0
0
0
0
0
0
0
0
0
0
0
0
0
0
0
0
0
0
0
0
0
0
0
0
0
0
0
0
0
0
0
0
0
0
0
0
0
0
0
0
0
0
0
0
0
0
0
0
0
0
0
0
0
0
0
0
0
0
0
0
0
0
0
0
0
0
0
0
0
0
0
0
0
0
0
0
0
0
0
0
0
0
0
0
0
0
0
0
0
0
0
0
0
0
0
0
0
0
0
0
0
0
0
0
0
0
0
0
0
0
0
0
0
0
0
0
0
0
0
0
0
0
0
0
0
0
0
0
0
0
0
0
0
0
0
0
0
0
0
0
0
0
0
0
0
0
0
0
0
0
0
0
0
0
0
0
0
0
0
0
0
0
0
0
0
0
0
0
0
0
0
0
0
0
0
0
0
0
0
0
0
0
0
0
0
0
0
0
0
0
0
0
0
0
0
0
0
0
0
0
0
0
0
0
0
0
0
0
0
0
0
0
0
0
0
0
0
0
0
0
0
0
0
0
0
0
0
0
0
0
0
0
0
0
0
0
0
0
0
0
0
0
0
0
0
0
0
0
0
0
0
0
0
0
0
0
0
0
0
0
0
0
0
0
0
0
0
0
0
0
0
0
0
0
0
0
0
0
0
0
0
0
0
0
0
0
0
0
0
0
0
0
0
0
0
0
0
0
0
0
0
0
0
0
0
0
0
0
0
0
0
0
0
0
0
0
0
0
0
0
0
0
0
0
0
0
0
0
0
0
0
0
0
0
0
0
0
0
0
0
0
0
0
0
0
0
0
0
0
0
0
0
0
0
0
0
0
0
0
0
0
0
0
0
0
0
0
0
0
0
0
0
0
0
0
0
0
0
0
0
0
0
0
0
0
0
0
0
0
0
0
0
0
0
0
0
0
0
0
0
0
0
0
0
0
0
0
0
0
0
0
0
0
0
0
0
0
0
0
0
0
0
0
0
0
0
0
0
0
0
0
0
0
0
0
0
0
0
0
0
0
0
0
0
0
0
0
0
0
0
0
0
0
0
0
0
0
0
0
0
0
0
0
0
0
0
0
0
0
0
0
0
0
0
0
0
0
0
0
0
0
0
0
0
0
0
0
0
0
0
0
0
0
0
0
0
0
0
0
0
0
0
0
0
0
0
0
0
0
0
0
0
0
0
0
0
0
0
0
0
0
0
0
0
0
0
0
0
0
0
0
0
0
0
0
0
0
0
0
0
0
0
0
0
0
0
0
0
0
0
0
0
0
0
0
0
0
0
0
0
0
0
0
0
0
0
0
0
0
0
0
0
0
0
0
0
0
0
0
0
0
0
0
0
0
0
0
0
0
0
0
0
0
0
0
0
0
0
0
0
0
0
0
0
0
0
0
0
0
0
0
0
0
0
0
0
0
0
0
0
0
0
0
0
0
0
0
0
0
0
0
0
0
0
0
0
0
0
0
0
0
0
0
0
0
0
0
0
0
0
0
0
0
0
0
0
0
0
0
0
0
0
0
0
0
0
0
0
0
0
0
0
0
0
0
0
0
0
0
0
0
0
0
0
0
0
0
0
0
0
0
0
0
0
0
0
0
0
0
0
0
0
0
0
0
0
0
0
0
0
0
0
0
0
0
0
0
0
0
0
0
0
0
0
0
0
0
0
0
0
0
0
0
0
0
0
0
0
0
0
0
0
0
0
0
0
0
0
0
0
0
0
0
0
0
0
0
0
0
0
0
0
0
0
0
0
0
0
0
0
0
0
0
0
0
0
0
0
0
0
0
0
0
0
0
0
0
0
0
0
0
0
0
0
0
0
0
0
0
0
0
0
0
0
0
0
0
0
0
0
0
0
0
0
0
0
0
0
0
0
0
0
0
0
0
0
0
0
0
0
0
0
0
0
0
0
0
0
0
0
0
0
0
0
0
0
0
0
0
0
0
0
0
0
0
0
0
0
0
0
0
0
0
0
0
0
0
0
0
0
0
0
0
0
0
0
0
0
0
0
0
0
0
0
0
0
0
0
0
0
0
0
0
0
0
0
0
0
0
0
0
0
0
0
0
0
0
0
0
0
0
0
0
0
0
0
0
0
0
0
0
0
0
0
0
0
0
0
0
0
0
0
0
0
0
0
0
0
0
0
0
0
0
0
0
0
0
0
0
0
0
0
0
0
0
0
0
0
0
0
0
0
0
0
0
0
0
0
0
0
0
0
0
0
0
0
0
0
0
0
0
0
0
0
0
0
0
0
0
0
0
0
0
0
0
0
0
0
0
0
0
0
0
0
0
0
0
0
0
0
0
0
0
0
0
0
0
0
0
0
0
0
0
0
0
0
0
0
0
0
0
0
0
0
0
0
0
0
0
0
0
0
0
0
0
0
0
0
0
0
0
0
0
0
0
0
0
0
0
0
0
0
0
0
0
0
0
0
0
0
0
0
0
0
0
0
0
0
0
0
0
0
0
0
0
0
0
0
0
313
313
313
313
313
313
313
313
313
318
318
318
318
318
318
318
318
318
318
318
318
318
318
318
320
320
320
320
320
320
320
320
320
320
320
321
321
321
321
321
321
321
321
321
321
321
321
323
323
323
323
323
323
323
323
323
323
323
325
325
325
325
325
325
325
325
325
325
325
329
329
329
329
329
329
329
329
329
329
329
329
329
329
329
329
329
329
329
329
329
329
332
332
332
332
332
332
332
332
332
332
332
332
332
332
332
332
333
333
333
333
333
333
333
333
333
333
335
335
335
335
335
335
335
335
335
335
335
335
339
339
339
339
339
339
339
339
339
339
339
339
341
341
341
341
341
341
341
341
341
341
341
341
341
341
341
341
341
341
343
343
343
343
343
343
343
343
343
345
345
345
345
345
345
345
345
345
345
345
345
345
345
347
347
347
347
347
347
347
347
347
349
349
349
349
349
349
349
349
349
349
349
349
349
349
349
349
349
349
349
349
349
349
349
349
349
349
349
349
349
352
352
352
352
352
352
352
352
352
352
813
813
813
813
813
813
813
813
813
818
818
818
818
818
818
818
818
818
818
818
818
818
818
818
820
820
820
820
820
820
820
820
820
820
820
821
821
821
821
821
821
821
821
821
821
821
821
823
823
823
823
823
823
823
823
823
823
823
825
825
825
825
825
825
825
825
825
825
825
829
829
829
829
829
829
829
829
829
829
829
829
829
829
829
829
829
829
829
829
829
829
832
832
832
832
832
832
832
832
832
832
832
832
832
832
832
832
833
833
833
833
833
833
833
833
833
833
835
835
835
835
835
835
835
835
835
835
835
835
839
839
839
839
839
839
839
839
839
839
839
839
841
841
841
841
841
841
841
841
841
841
841
841
841
841
841
841
841
841
843
843
843
843
843
843
843
843
843
845
845
845
845
845
845
845
845
845
845
845
845
845
845
845
847
847
847
847
847
847
847
847
847
847
847
847
847
847
847
847
849
849
849
849
849
849
849
849
849
849
849
849
849
849
849
849
849
849
849
849
849
849
849
849
849
849
849
849
849
849
849
849
849
849
849
849
849
849
849
849
849
849
849
849
849
849
849
849
849
849
849
849
849
849
852
852
852
852
852
852
852
852
852
852
852
852
852
852
852
852
852
852
852
1313
1313
1313
1313
1313
1313
1313
1313
1313
1313
1313
1313
1313
1313
1313
1313
1318
1318
1318
1318
1318
1318
1318
1318
1318
1318
1318
1318
1318
1318
1318
1318
1318
1318
1318
1318
1318
1318
1318
1318
1318
1318
1320
1320
1320
1320
1320
1320
1320
1320
1320
1320
1320
1320
1320
1320
1320
1320
1320
1320
1320
1320
1320
1321
1321
1321
1321
1321
1321
1321
1321
1321
1321
1321
1321
1321
1321
1321
1321
1321
1321
1321
1321
1321
1321
1321
1321
1323
1323
1323
1323
1323
1323
1323
1323
1323
1323
1323
1323
1323
1323
1323
1323
1323
1323
1323
1325
1325
1325
1325
1325
1325
1325
1325
1325
1325
1325
1325
1325
1325
1325
1325
1325
1325
1325
1325
1325
1329
1329
1329
1329
1329
1329
1329
1329
1329
1329
1329
1329
1329
1329
1329
1329
1329
1329
1329
1329
1329
1329
1329
1329
1329
1329
1329
1329
1329
1329
1329
1329
1329
1329
1329
1329
1329
1329
1329
1329
1329
1329
1332
1332
1332
1332
1332
1332
1332
1332
1332
1332
1332
1332
1332
1332
1332
1332
1332
1332
1332
1332
1332
1332
1332
1332
1332
1332
1332
1332
1333
1333
1333
1333
1333
1333
1333
1333
1333
1333
1333
1333
1333
1333
1333
1333
1333
1333
1335
1335
1335
1335
1335
1335
1335
1335
1335
1335
1335
1335
1335
1335
1335
1335
1335
1335
1335
1335
1335
1335
1335
1335
1335
1335
1335
1335
1335
1335
1339
1339
1339
1339
1339
1339
1339
1339
1339
1339
1339
1339
1339
1339
1339
1339
1339
1339
1339
1339
1339
1339
1339
1339
1339
1339
1339
1339
1339
1339
1339
1339
1339
1339
1339
1339
1341
1341
1341
1341
1341
1341
1341
1341
1341
1341
1341
1341
1341
1341
1341
1341
1341
1341
1341
1341
1341
1341
1341
1341
1341
1341
1341
1341
1341
1341
1341
1341
1341
1341
1341
1341
1341
1341
1341
1341
1341
1341
1341
1341
1341
1341
1341
1341
1341
1341
1341
1341
1341
1341
1341
1341
1341
1341
1341
1341
1341
1341
1341
1341
1343
1343
1343
1343
1343
1343
1343
1343
1343
1343
1343
1343
1343
1343
1343
1343
1343
1343
1343
1343
1343
1343
1343
1343
1343
1343
1343
1343
1345
1345
1345
1345
1345
1345
1345
1345
1345
1345
1345
1345
1345
1345
1345
1345
1345
1345
1345
1345
1345
1345
1345
1345
1345
1345
1345
1345
1345
1345
1345
1345
1345
1345
1345
1345
1345
1345
1345
1345
1345
1345
1345
1345
1345
1345
1347
1347
1347
1347
1347
1347
1347
1347
1347
1347
1347
1347
1347
1347
1347
1347
1347
1347
1347
1347
1347
1347
1347
1347
1347
1347
1347
1347
1347
1347
1349
1349
1349
1349
1349
1349
1349
1349
1349
1349
1349
1349
1349
1349
1349
1349
1349
1349
1349
1349
1349
1349
1349
1349
1349
1349
1349
1349
1349
1349
1349
1349
1349
1349
1349
1349
1349
1349
1349
1349
1349
1349
1349
1349
1349
1349
1349
1349
1349
1349
1349
1349
1349
1349
1349
1349
1349
1349
1349
1349
1349
1349
1349
1349
1349
1349
1349
1349
1349
1349
1349
1349
1349
1349
1349
1349
1349
1349
1349
1349
1349
1349
1349
1349
1349
1349
1349
1349
1349
1349
1349
1349
1349
1349
1349
1349
1349
1349
1349
1349
1349
1349
1349
1349
1349
1349
1352
1352
1352
1352
1352
1352
1352
1352
1352
1352
1352
1352
1352
1352
1352
1352
1352
1352
1352
1352
1352
1352
1352
1352
1352
1352
1352
1352
1352
1352
1352
1352
1352
1352
1352
1352
1352
1813
1813
1813
1813
1813
1813
1813
1813
1813
1813
1813
1813
1813
1813
1813
1813
1813
1813
1813
1813
1813
1813
1813
1813
1813
1813
1813
1813
1813
1813
1813
1818
1818
1818
1818
1818
1818
1818
1818
1818
1818
1818
1818
1818
1818
1818
1818
1818
1818
1818
1818
1818
1818
1818
1818
1818
1818
1818
1818
1818
1818
1818
1818
1818
1818
1818
1818
1818
1818
1818
1818
1818
1818
1818
1818
1818
1818
1818
1818
1818
1820
1820
1820
1820
1820
1820
1820
1820
1820
1820
1820
1820
1820
1820
1820
1820
1820
1820
1820
1820
1820
1820
1820
1820
1820
1820
1820
1820
1820
1820
1820
1820
1820
1820
1820
1820
1820
1820
1820
1820
1820
1821
1821
1821
1821
1821
1821
1821
1821
1821
1821
1821
1821
1821
1821
1821
1821
1821
1821
1821
1821
1821
1821
1821
1821
1821
1821
1821
1821
1821
1821
1821
1821
1821
1821
1821
1821
1821
1821
1821
1821
1821
1821
1821
1821
1821
1821
1821
1821
1823
1823
1823
1823
1823
1823
1823
1823
1823
1823
1823
1823
1823
1823
1823
1823
1823
1823
1823
1823
1823
1823
1823
1823
1823
1823
1823
1823
1823
1823
1823
1823
1823
1823
1823
1823
1825
1825
1825
1825
1825
1825
1825
1825
1825
1825
1825
1825
1825
1825
1825
1825
1825
1825
1825
1825
1825
1825
1825
1825
1825
1825
1825
1825
1825
1825
1825
1825
1825
1825
1825
1825
1825
1825
1825
1825
1825
1829
1829
1829
1829
1829
1829
1829
1829
1829
1829
1829
1829
1829
1829
1829
1829
1829
1829
1829
1829
1829
1829
1829
1829
1829
1829
1829
1829
1829
1829
1829
1829
1829
1829
1829
1829
1829
1829
1829
1829
1829
1829
1829
1829
1829
1829
1829
1829
1829
1829
1829
1829
1829
1829
1829
1829
1829
1829
1829
1829
1829
1829
1829
1829
1829
1829
1829
1829
1829
1829
1829
1829
1829
1829
1829
1829
1829
1829
1829
1829
1829
1829
1829
1829
1829
1829
1829
1829
1829
1829
1829
1829
1829
1829
1829
1829
1829
1829
1829
1829
1829
1829
1829
1829
1829
1829
1829
1829
1829
1829
1829
1829
1829
1829
1829
1829
1829
1829
1829
1829
1829
1829
1829
1829
1829
1829
1829
1829
1829
1829
1829
1829
1829
1829
1829
1829
1829
1829
1829
1829
1829
1829
1829
1829
1832
1832
1832
1832
1832
1832
1832
1832
1832
1832
1832
1832
1832
1832
1832
1832
1832
1832
1832
1832
1832
1832
1832
1832
1832
1832
1832
1832
1832
1832
1832
1832
1832
1832
1832
1832
1832
1832
1832
1832
1832
1832
1832
1832
1832
1832
1832
1832
1832
1832
1832
1832
1832
1832
1832
1832
1832
1832
1832
1832
1832
1832
1832
1832
1832
1832
1832
1832
1832
1832
1832
1832
1832
1832
1832
1832
1832
1832
1832
1832
1832
1832
1832
1832
1832
1832
1832
1832
1832
1832
1832
1832
1832
1832
1832
1832
1832
1832
1832
1832
1832
1832
1832
1832
1832
1832
1832
1833
1833
1833
1833
1833
1833
1833
1833
1833
1833
1833
1833
1833
1833
1833
1833
1833
1833
1833
1833
1833
1833
1833
1833
1833
1833
1833
1833
1833
1833
1833
1833
1833
1833
1833
1833
1833
1833
1833
1833
1833
1833
1833
1833
1833
1833
1833
1833
1833
1833
1833
1833
1833
1833
1833
1833
1833
1833
1833
1833
1833
1833
1833
1833
1833
1833
1833
1833
1833
1833
1835
1835
1835
1835
1835
1835
1835
1835
1835
1835
1835
1835
1835
1835
1835
1835
1835
1835
1835
1835
1835
1835
1835
1835
1835
1835
1835
1835
1835
1835
1835
1835
1835
1835
1835
1835
1835
1835
1835
1835
1835
1835
1835
1835
1835
1835
1835
1835
1835
1835
1835
1835
1835
1835
1835
1835
1835
1835
1835
1835
1835
1835
1835
1835
1835
1835
1835
1835
1835
1835
1835
1835
1835
1835
1835
1835
1835
1835
1835
1835
1835
1839
1839
1839
1839
1839
1839
1839
1839
1839
1839
1839
1839
1839
1839
1839
1839
1839
1839
1839
1839
1839
1839
1839
1839
1839
1839
1839
1839
1839
1839
1839
1839
1839
1839
1839
1839
1839
1839
1839
1839
1839
1839
1839
1839
1839
1839
1839
1839
1839
1839
1839
1839
1839
1839
1839
1839
1839
1839
1839
1839
1839
1839
1839
1839
1839
1839
1839
1839
1839
1839
1841
1841
1841
1841
1841
1841
1841
1841
1841
1841
1841
1841
1841
1841
1841
1841
1841
1841
1841
1841
1841
1841
1841
1841
1841
1841
1841
1841
1841
1841
1841
1841
1841
1841
1841
1841
1841
1841
1841
1841
1841
1841
1841
1841
1841
1841
1841
1841
1841
1841
1841
1841
1841
1841
1841
1841
1841
1841
1841
1841
1841
1841
1841
1841
1841
1841
1841
1841
1841
1841
1841
1841
1841
1841
1841
1841
1841
1841
1841
1841
1841
1841
1841
1841
1841
1841
1841
1841
1841
1841
1841
1841
1841
1841
1841
1841
1841
1841
1841
1841
1841
1841
1841
1841
1841
1841
1841
1841
1841
1841
1841
1841
1841
1841
1841
1841
1841
1841
1841
1841
1841
1841
1841
1841
1841
1841
1841
1843
1843
1843
1843
1843
1843
1843
1843
1843
1843
1843
1843
1843
1843
1843
1843
1843
1843
1843
1843
1843
1843
1843
1843
1843
1843
1843
1843
1843
1843
1843
1843
1843
1843
1843
1843
1843
1843
1843
1843
1843
1843
1843
1843
1843
1843
1843
1843
1843
1843
1843
1843
1843
1843
1843
1843
1845
1845
1845
1845
1845
1845
1845
1845
1845
1845
1845
1845
1845
1845
1845
1845
1845
1845
1845
1845
1845
1845
1845
1845
1845
1845
1845
1845
1845
1845
1845
1845
1845
1845
1845
1845
1845
1845
1845
1845
1845
1845
1845
1845
1845
1845
1845
1845
1845
1845
1845
1845
1845
1845
1845
1845
1845
1845
1845
1845
1845
1845
1845
1845
1845
1845
1845
1845
1845
1845
1845
1845
1845
1845
1845
1845
1845
1845
1845
1845
1845
1845
1845
1845
1845
1845
1845
1845
1845
1845
1845
1845
1847
1847
1847
1847
1847
1847
1847
1847
1847
1847
1847
1847
1847
1847
1847
1847
1847
1847
1847
1847
1847
1847
1847
1847
1847
1847
1847
1847
1847
1847
1847
1847
1847
1847
1847
1847
1847
1847
1847
1847
1847
1847
1847
1847
1847
1847
1847
1847
1847
1847
1847
1847
1847
1847
1847
1847
1847
1847
1847
1847
1849
1849
1849
1849
1849
1849
1849
1849
1849
1849
1849
1849
1849
1849
1849
1849
1849
1849
1849
1849
1849
1849
1849
1849
1849
1849
1849
1849
1849
1849
1849
1849
1849
1849
1849
1849
1849
1849
1849
1849
1849
1849
1849
1849
1849
1849
1849
1849
1849
1849
1849
1849
1849
1849
1849
1849
1849
1849
1849
1849
1849
1849
1849
1849
1849
1849
1849
1849
1849
1849
1849
1849
1849
1849
1849
1849
1849
1849
1849
1849
1849
1849
1849
1849
1849
1849
1849
1849
1849
1849
1849
1849
1849
1849
1849
1849
1849
1849
1849
1849
1849
1849
1849
1849
1849
1849
1849
1849
1849
1849
1849
1849
1849
1849
1849
1849
1849
1849
1849
1849
1849
1849
1849
1849
1849
1849
1849
1849
1849
1849
1849
1849
1849
1849
1849
1849
1849
1849
1849
1849
1849
1849
1849
1849
1849
1849
1849
1849
1849
1849
1849
1849
1849
1849
1849
1849
1849
1849
1849
1849
1849
1849
1849
1849
1849
1849
1849
1849
1849
1849
1849
1849
1849
1849
1849
1849
1849
1849
1849
1849
1849
1849
1849
1849
1849
1849
1849
1849
1849
1849
1849
1849
1849
1849
1849
1849
1849
0
0
0
0
0
0
0
0
0
0
0
0
0
0
0
0
0
0
0
0
0
0
0
0
0
0
0
0
0
0
0
0
0
0
0
0
0
0
0
0
0
0
0
0
0
0
0
0
0
0
0
0
0
0
0
0
0
0
0
0
0
0
0
0
0
0
0
0
0
0
0
0
0
0
0
0
0
0
0
0
0
0
0
0
0
0
0
0
0
0
0
0
0
0
0
0
0
0
0
0
0
0
0
0
0
0
0
0
0
0
0
0
0
0
0
0
0
0
0
0
0
0
0
0
0
0
0
0
0
0
0
0
0
0
0
0
0
0
0
0
0
0
0
0
0
0
0
0
0
0
0
0
0
0
0
0
0
0
0
0
0
0
0
0
0
0
0
0
0
0
0
0
0
0
0
0
0
0
0
0
0
0
0
0
0
0
0
0
0
0
0
0
0
0
0
55
55
55
55
55
55
55
55
55
55
55
55
55
55
55
55
55
55
55
55
55
55
55
55
55
55
55
55
55
55
55
55
55
55
56
56
56
56
56
56
56
56
56
56
56
56
56
56
56
56
56
56
56
56
56
58
218
0
77
0
7
81
81
81
81
81
81
81
81
81
81
81
81
81
81
81
81
81
81
81
81
81
81
81
81
81
81
81
81
81
81
81
81
81
81
81
81
81
81
81
81
81
81
81
81
81
81
81
81
81
81
81
81
81
81
81
81
81
81
81
81
81
81
81
81
81
81
81
81
81
81
81
81
81
81
81
81
81
81
81
81
81
81
81
81
81
81
81
81
81
81
81
81
81
81
81
81
81
81
81
81
81
81
81
81
81
81
81
81
81
81
81
81
81
81
81
81
81
81
81
81
81
81
81
81
81
81
81
81
81
81
81
81
81
81
81
81
81
81
81
81
81
81
81
81
81
81
81
81
81
81
81
81
81
81
81
81
81
81
81
81
81
81
81
81
81
81
81
81
81
81
81
81
81
81
81
81
81
81
81
81
81
81
81
81
81
81
81
81
81
81
81
81
81
81
81
81
81
81
81
81
81
81
81
81
81
81
81
81
81
81
81
170
170
170
170
170
170
170
170
170
170
170
170
170
170
170
170
170
170
170
170
170
170
170
170
170
170
170
170
170
170
170
170
170
170
170
170
170
170
170
170
170
170
170
170
170
170
170
170
170
170
170
170
170
170
170
170
170
170
170
170
170
170
170
170
170
170
170
170
170
170
170
170
170
170
170
170
170
170
170
170
170
170
170
170
170
170
170
170
170
170
170
170
170
170
170
170
170
170
170
170
170
170
170
170
170
170
170
170
170
170
170
170
170
170
170
170
170
170
170
170
170
170
170
170
170
170
170
170
170
170
170
170
170
170
170
170
170
170
170
170
170
170
170
170
170
170
170
170
170
170
170
170
170
170
170
170
170
170
170
170
170
170
170
170
170
170
170
170
170
177
251
251
251
251
251
251
251
251
251
251
253
271
333
333
333
333
333
333
333
333
333
333
333
333
333
333
341
341
342
348
353
397
397
397
397
397
397
397
397
397
397
397
402
402
403
403
403
427
437
438
508
508
509
509
509
511
560
560
633
633
633
633
700
839
872
889
913
984
984
1022
1022
1022
1022
1022
1023
1023
1052
1088
1088
1090
1093
1164
1213
1383
1383
1457
1457
1457
1457
1457
1457
1457
1457
1457
1457
1457
1457
1457
1457
1457
1457
1457
1457
1457
1457
1457
1457
1457
1457
1457
1457
1457
1457
1457
1457
1457
1457
1457
1457
1457
1457
1457
1457
1457
1457
1457
1457
1457
1457
1457
1457
1457
1457
1457
1457
1457
1457
1457
1457
1457
1457
1457
1457
1457
1457
1457
1457
1457
1471
1471
1471
1471
1471
1471
1471
1471
1471
1471
1471
1471
1471
1471
1471
1471
1617
1788
1788
1875
1911
1911
1967
2026
2026
2026
2026
2026
2026
2026
2026
2026
2026
2026
2026
2026
2026
2026
2026
2026
2026
2026
2026
2026
2026
2026
2026
2026
2026
2026
2026
2026
2026
2026
2026
2026
2026
2026
2026
2026
2026
2026
2026
2026
2026
2026
2026
2026
2027
2027
2027
2027
2027
2027
2027
2027
2027
2027
2027
2027
2027
2027
2027
2027
2027
2027
2027
2027
2027
2027
2027
2027
2027
2027
2027
2027
2027
2027
2027
2027
2027
2027
2027
2027
2027
2027
2027
2027
2027
2027
2032
2032
2032
2032
2032
2032
2032
2032
2146
2169
2169
2243
2285
2285
2285
2285
2285
2285
2285
2285
2316
2325
2348
2348
2357
2357
2357
2369
2369
2369
2369
2369
2369
2369
2369
2369
2369
2369
2369
2369
2369
2369
2369
2369
2369
2369
2369
2369
2369
2369
2369
2369
2369
2369
2369
2369
2369
2369
2369
2369
2369
2369
2369
2369
2369
2369
2369
2369
2369
2369
2369
2370
2370
2370
2370
2370
2370
2370
2370
2370
2370
2370
2370
2370
2370
2370
2370
2370
2370
2370
2370
2370
2370
2370
2370
2370
2370
2370
2370
2370
2370
2370
2370
2370
2370
2370
2370
2370
2370
2370
2370
2370
2370
2370
2370
2370
2370
2370
2370
2370
2370
2370
2370
2370
2370
2370
2370
2370
2372
2372
2376
2379
2380
2426
2426
2426
2426
2426
2426
2426
2426
2426
2426
2426
2426
2426
2426
2426
2426
2426
2426
2426
2426
2426
2426
2426
2426
2426
2426
2426
2426
2426
2426
2426
2426
2426
2426
2426
2426
2430
2432
2432
2432
2432
2432
2432
2432
2432
2432
2432
2432
2432
2436
2436
2436
2436
2436
2436
2436
2436
2436
2436
2436
2436
2436
2436
2436
2436
2436
2436
2436
2436
2436
2436
2436
2436
2505
2526
2600
2667
2667
2667
2667
2667
2667
2667
2667
2699
2700
2738
2766
2766
2766
2766
2766
2766
2766
2766
2769
2769
2769
2769
2769
2769
2769
2769
2769
2769
2769
2769
2769
2769
2769
2769
2769
2769
2769
2769
2769
2769
2769
2769
2769
2769
2769
2769
2769
2769
2769
2769
2769
2769
2769
2769
2769
2769
2769
2769
2769
2769
2769
2769
2769
2769
2769
2769
2769
2769
2769
2769
2769
2769
2769
2769
2769
2769
2769
2769
2769
2769
2769
2769
2769
2769
2769
2769
2769
2769
2769
2769
2769
2769
2769
2769
2769
2769
2769
2769
2769
2769
2769
2769
2769
2769
2769
2769
2769
2769
2769
2769
2769
2769
2769
2769
2769
2769
2769
2769
2769
2769
2769
2769
2769
2769
2769
3812
3812
3813
0
0
0
0
0
0
0
0
0
0
0
0
0
0
0
0
0
0
0
0
0
0
0
0
0
0
0
0
0
0
0
0
0
0
0
0
0
0
0
0
0
0
0
0
0
0
0
0
0
0
0
0
0
0
0
0
0
0
0
0
0
0
0
0
0
0
0
0
0
0
0
0
0
0
0
0
0
0
0
0
0
0
0
0
0
0
0
0
0
0
0
0
0
0
0
0
0
0
0
0
0
0
0
0
0
0
0
0
0
0
0
0
0
0
0
0
0
0
0
0
0
0
0
0
0
0
0
0
0
0
0
0
0
0
0
0
0
0
0
0
0
0
0
0
0
0
0
0
0
0
0
0
0
0
0
0
0
0
0
0
0
0
0
0
0
0
0
0
0
0
0
0
0
0
0
0
0
0
0
0
0
0
0
0
0
0
0
0
0
0
0
0
0
0
0
0
0
0
0
0
0
0
0
0
0
0
0
0
0
0
0
0
0
0
0
0
0
0
0
0
0
0
0
0
0
0
0
0
0
0
0
0
0
0
0
0
0
0
0
0
0
0
0
0
0
0
0
0
0
0
0
0
0
0
0
0
0
0
0
0
0
0
0
0
0
0
0
0
0
0
0
0
0
0
0
0
0
0
0
0
0
0
0
0
0
0
0
0
0
0
0
0
0
0
0
0
0
0
0
0
0
0
0
0
0
0
0
0
0
0
0
0
0
0
0
0
0
0
0
0
0
0
0
0
0
0
0
0
0
0
0
0
0
0
0
0
0
0
0
0
0
0
0
0
0
0
0
0
0
0
0
0
0
0
0
0
0
0
0
0
0
0
0
0
0
0
0
0
0
0
0
0
0
0
0
0
0
0
0
0
0
0
0
0
0
0
0
0
0
0
0
0
0
0
0
0
0
0
0
0
0
0
0
0
0
0
0
0
0
0
0
0
0
0
0
0
0
0
0
0
0
0
0
0
0
0
0
0
0
0
0
0
0
0
0
0
0
0
0
0
0
0
0
0
0
0
0
0
0
0
0
0
0
0
0
0
0
0
0
0
0
0
0
0
0
0
0
0
0
0
0
0
0
0
0
0
0
0
0
0
0
0
0
0
0
0
0
0
0
0
0
0
0
0
0
0
0
0
0
0
0
0
0
0
0
0
0
0
0
0
0
0
0
0
0
0
0
0
0
0
0
0
0
0
0
0
0
0
0
0
0
0
0
0
0
0
0
0
0
0
0
0
0
0
0
1
0
0
2
4
4
1
1
0
1
1
0
0
1
0
0
2
0
2
3
0
0
1
3
4
3
3
5
1
6
3
0
2
0
1
3
4
1
4
9
9
9
1
1
2
1
0
2
0
0
0
0
0
2
6
22
24
32
43
72
73
78
82
85
87
89
91
91
92
93
95
99
102
102
105
107
108
114
115
116
121
123
126
128
130
131
131
132
137
139
140
141
143
146
147
148
148
148
149
153
153
155
157
161
162
162
162
170
172
172
173
175
180
183
184
189
189
189
191
191
193
195
198
200
200
202
207
207
220
235
235
237
240
241
248
249
252
254
254
259
261
267
269
272
276
280
281
285
290
292
295
295
300
301
302
303
303
305
306
312
315
317
324
325
334
336
338
340
343
344
350
351
352
354
356
356
356
359
359
361
362
364
365
369
369
370
372
375
376
376
376
379
379
385
385
389
392
392
392
392
396
397
398
398
399
401
402
403
406
406
406
409
413
414
415
417
417
419
419
420
423
424
426
427
429
434
438
439
439
441
442
444
446
447
449
456
458
459
460
462
464
464
468
472
473
492
493
494
498
501
508
508
509
511
512
513
519
526
526
533
534
536
542
543
552
553
553
558
559
560
562
564
571
571
572
574
578
584
584
587
588
590
592
594
594
595
596
603
603
606
609
612
615
617
618
620
625
627
627
638
638
639
641
643
649
650
650
650
663
668
674
679
680
682
684
684
691
696
697
699
701
702
709
710
714
714
716
716
716
717
722
723
724
725
726
726
728
731
731
737
737
744
747
747
750
752
755
761
762
762
764
766
767
768
770
770
773
775
775
777
778
779
779
781
783
783
784
785
786
791
791
795
796
796
800
802
803
806
807
808
809
810
811
818
827
828
828
831
831
833
833
837
844
845
845
852
852
852
854
855
856
857
857
858
858
859
860
863
864
868
878
880
881
885
888
890
891
895
898
903
909
916
918
921
924
924
925
925
925
928
932
933
934
934
935
936
938
942
942
944
945
947
949
958
960
962
964
969
976
981
984
985
986
989
989
992
994
995
995
997
999
1000
1001
1003
1007
1008
1008
1009
1018
1018
1018
1021
1028
1029
1029
1029
1029
1031
1034
1034
1042
1045
1058
1060
1061
1067
1075
1077
1077
1080
1092
1094
1096
1098
1098
1099
1102
1104
1112
1114
1115
1117
1121
1122
1123
1126
1127
1127
1127
1127
1130
1131
1133
1136
1136
1140
1141
1141
1143
1145
1146
1146
1146
1149
1151
1153
1155
1157
1159
1161
1163
1164
1173
1173
1174
1176
1177
1183
1184
1186
1187
1192
1200
1210
1216
1217
1219
1220
1221
1222
1225
1226
1227
1228
1233
1235
1242
1243
1254
1259
1275
1291
1308
1333
1371
1377
1402
1426
1528
1538
1546
1546
1555
1561
1575
1579
1624
1626
1635
1676
1682
1688
1692
1701
1718
1798
1833
1834
1847
1870
1906
1921
1931
1946
1955
1967
2004
2019
2050
2052
2178
2180
2190
2193
2205
2216
2216
2228
2235
2235
2240
2271
2271
2281
2281
2283
2290
2319
2319
2351
2351
2393
2393
2397
2398
2404
2405
2405
2408
2417
2417
2417
2417
2430
2448
2465
2477
2489
2492
2508
2508
2515
2550
2550
2567
2567
2597
2597
2604
2606
2606
2624
2624
2624
2664
2665
2665
2674
2674
2677
2679
2681
2684
2685
2687
2691
2694
2694
2697
2699
2701
2701
2701
2701
2701
2701
2705
2705
2705
2705
2705
2705
2795
2795
2797
2798
3469
4045
0
0
0
0
0
0
0
0
0
0
0
0
0
0
0
0
0
0
0
0
0
0
0
0
0
0
0
0
0
0
0
0
0
0
0
0
0
0
0
0
0
0
0
0
0
0
0
0
0
0
0
0
0
0
0
0
0
0
0
0
0
0
0
0
0
0
0
0
0
0
0
0
0
0
0
0
0
0
0
0
0
0
0
0
0
0
0
0
0
0
0
0
0
0
0
0
0
0
0
0
0
0
0
0
0
0
0
0
0
0
0
0
0
0
0
0
0
0
0
0
0
0
0
0
0
0
0
0
0
0
0
0
0
0
0
0
0
0
0
0
0
0
0
0
0
0
0
0
0
0
0
0
0
0
0
0
0
0
0
0
0
0
0
0
0
0
0
0
0
0
0
0
0
0
0
0
0
0
0
0
0
0
0
0
0
0
0
0
0
0
0
0
0
0
0
0
0
0
0
0
0
0
0
0
0
0
0
0
0
0
0
0
0
0
0
0
0
0
0
0
0
0
0
0
0
0
0
0
0
0
0
0
0
0
0
0
0
0
0
0
0
0
0
0
0
0
0
0
0
0
0
0
0
0
0
0
0
0
0
0
0
0
0
0
0
0
0
0
0
0
0
0
0
0
0
0
0
0
0
0
0
0
0
0
0
0
0
0
0
0
0
0
0
0
0
0
0
0
0
0
0
0
0
0
0
0
0
0
0
0
0
0
0
0
0
0
0
0
0
0
0
0
0
0
0
0
0
0
0
0
0
0
0
0
0
0
0
0
0
0
0
0
0
0
0
0
0
0
0
0
0
0
0
0
0
0
0
0
0
0
0
0
0
0
0
0
0
0
0
0
0
0
0
0
0
0
0
0
0
0
0
0
0
0
0
0
0
0
0
0
0
0
0
0
0
0
0
0
0
0
0
0
0
0
0
0
0
0
0
0
0
0
0
0
0
0
0
0
0
0
0
0
0
0
0
0
0
0
0
0
0
0
0
0
0
0
0
0
0
0
0
0
0
0
0
0
0
0
0
0
0
0
0
0
0
0
0
0
0
0
0
0
0
0
0
0
0
0
0
0
0
0
0
0
0
0
0
0
0
0
0
0
0
0
0
0
0
0
0
0
0
0
0
0
0
0
0
0
0
0
0
0
0
0
0
0
0
0
0
0
0
0
0
0
0
0
0
0
0
0
0
0
0
0
0
0
0
0
0
0
0
0
0
0
0
0
0
0
0
0
0
0
0
0
0
1
0
0
2
4
4
1
1
0
1
1
0
0
1
0
0
2
0
2
3
0
0
1
3
4
3
3
5
1
6
3
0
2
0
1
3
4
1
4
9
9
9
1
1
2
1
0
2
0
0
0
0
0
2
6
22
24
32
43
72
73
78
82
85
87
89
91
91
92
93
95
99
102
102
105
107
108
114
115
116
121
123
126
128
130
131
131
132
137
139
140
141
143
146
147
148
148
148
149
153
153
155
157
161
162
162
162
170
172
172
173
175
180
183
184
189
189
189
191
191
193
195
198
200
200
202
207
207
220
235
235
237
240
241
248
249
252
254
254
259
261
267
269
272
276
280
281
285
290
292
295
295
300
301
302
303
303
305
306
312
315
317
324
325
334
336
338
340
343
344
350
351
352
354
356
356
356
359
359
361
362
364
365
369
369
370
372
375
376
376
376
379
379
385
385
389
392
392
392
392
396
397
398
398
399
401
402
403
406
406
406
409
413
414
415
417
417
419
419
420
423
424
426
427
429
434
438
439
439
441
442
444
446
447
449
456
458
459
460
462
464
464
468
472
473
492
493
494
498
501
508
508
509
511
512
513
519
526
526
533
534
536
542
543
552
553
553
558
559
560
562
564
571
571
572
574
578
584
584
587
588
590
592
594
594
595
596
603
603
606
609
612
615
617
618
620
625
627
627
638
638
639
641
643
649
650
650
650
663
668
674
679
680
682
684
684
691
696
697
699
701
702
709
710
714
714
716
716
716
717
722
723
724
725
726
726
728
731
731
737
737
744
747
747
750
752
755
761
762
762
764
766
767
768
770
770
773
775
775
777
778
779
779
781
783
783
784
785
786
791
791
795
796
796
800
802
803
806
807
808
809
810
811
818
827
828
828
831
831
833
833
837
844
845
845
852
852
852
854
855
856
857
857
858
858
859
860
863
864
868
878
880
881
885
888
890
891
895
898
903
909
916
918
921
924
924
925
925
925
928
932
933
934
934
935
936
938
942
942
944
945
947
949
958
960
962
964
969
976
981
984
985
986
989
989
992
994
995
995
997
999
1000
1001
1003
1007
1008
1008
1009
1018
1018
1018
1021
1028
1029
1029
1029
1029
1031
1034
1034
1042
1045
1058
1060
1061
1067
1075
1077
1077
1080
1092
1094
1096
1098
1098
1099
1102
1104
1112
1114
1115
1117
1121
1122
1123
1126
1127
1127
1127
1127
1130
1131
1133
1136
1136
1140
1141
1141
1143
1145
1146
1146
1146
1149
1151
1153
1155
1157
1159
1161
1163
1164
1173
1173
1174
1176
1177
1183
1184
1186
1187
1192
1200
1210
1216
1217
1219
1220
1221
1222
1225
1226
1227
1228
1233
1235
1242
1243
1254
1259
1275
1291
1308
1333
1371
1377
1402
1426
1528
1538
1546
1546
1555
1561
1575
1579
1624
1626
1635
1676
1682
1688
1692
1701
1718
1798
1833
1834
1847
1870
1906
1921
1931
1946
1955
1967
2004
2019
2050
2052
2178
2180
2190
2193
2205
2216
2216
2228
2235
2235
2240
2271
2271
2281
2281
2283
2290
2319
2319
2351
2351
2393
2393
2397
2398
2404
2405
2405
2408
2417
2417
2417
2417
2430
2448
2465
2477
2489
2492
2508
2508
2515
2550
2550
2567
2567
2597
2597
2604
2606
2606
2624
2624
2624
2664
2665
2665
2674
2674
2677
2679
2681
2684
2685
2687
2691
2694
2694
2697
2699
2701
2701
2701
2701
2701
2701
2705
2705
2705
2705
2705
2705
2795
2795
2797
2798
3469
4045
0
0
0
0
0
0
0
0
0
0
0
0
0
0
0
0
0
0
0
0
0
0
0
0
0
0
0
0
0
0
0
0
0
0
0
0
0
0
0
0
0
0
0
0
0
0
0
0
0
0
0
0
0
0
0
0
0
0
0
0
0
0
0
0
0
0
0
0
0
0
0
0
0
0
0
0
0
0
0
0
0
0
0
0
0
0
0
0
0
0
0
0
0
0
0
0
0
0
0
0
0
0
0
0
0
0
0
0
0
0
0
0
0
0
0
0
0
0
0
0
0
0
0
0
0
0
0
0
0
0
0
0
0
0
0
0
0
0
0
0
0
0
0
0
0
0
0
0
0
0
0
0
0
0
0
0
0
0
0
0
0
0
0
0
0
0
0
0
0
0
0
0
0
0
0
0
0
0
0
0
0
0
0
0
0
0
0
0
0
0
0
0
0
0
0
55
55
55
55
55
55
55
55
55
55
55
55
55
55
55
55
55
55
55
55
55
55
55
55
55
55
55
55
55
55
55
55
55
55
56
56
56
56
56
56
56
56
56
56
56
56
56
56
56
56
56
56
56
56
56
58
218
0
77
0
7
81
81
81
81
81
81
81
81
81
81
81
81
81
81
81
81
81
81
81
81
81
81
81
81
81
81
81
81
81
81
81
81
81
81
81
81
81
81
81
81
81
81
81
81
81
81
81
81
81
81
81
81
81
81
81
81
81
81
81
81
81
81
81
81
81
81
81
81
81
81
81
81
81
81
81
81
81
81
81
81
81
81
81
81
81
81
81
81
81
81
81
81
81
81
81
81
81
81
81
81
81
81
81
81
81
81
81
81
81
81
81
81
81
81
81
81
81
81
81
81
81
81
81
81
81
81
81
81
81
81
81
81
81
81
81
81
81
81
81
81
81
81
81
81
81
81
81
81
81
81
81
81
81
81
81
81
81
81
81
81
81
81
81
81
81
81
81
81
81
81
81
81
81
81
81
81
81
81
81
81
81
81
81
81
81
81
81
81
81
81
81
81
81
81
81
81
81
81
81
81
81
81
81
81
81
81
81
81
81
81
81
170
170
170
170
170
170
170
170
170
170
170
170
170
170
170
170
170
170
170
170
170
170
170
170
170
170
170
170
170
170
170
170
170
170
170
170
170
170
170
170
170
170
170
170
170
170
170
170
170
170
170
170
170
170
170
170
170
170
170
170
170
170
170
170
170
170
170
170
170
170
170
170
170
170
170
170
170
170
170
170
170
170
170
170
170
170
170
170
170
170
170
170
170
170
170
170
170
170
170
170
170
170
170
170
170
170
170
170
170
170
170
170
170
170
170
170
170
170
170
170
170
170
170
170
170
170
170
170
170
170
170
170
170
170
170
170
170
170
170
170
170
170
170
170
170
170
170
170
170
170
170
170
170
170
170
170
170
170
170
170
170
170
170
170
170
170
170
170
170
177
251
251
251
251
251
251
251
251
251
251
253
271
333
333
333
333
333
333
333
333
333
333
333
333
333
333
341
341
342
348
353
397
397
397
397
397
397
397
397
397
397
397
402
402
403
403
403
427
437
438
508
508
509
509
509
511
560
560
633
633
633
633
700
839
872
889
913
984
984
1022
1022
1022
1022
1022
1023
1023
1052
1088
1088
1090
1093
1164
1213
1383
1383
1457
1457
1457
1457
1457
1457
1457
1457
1457
1457
1457
1457
1457
1457
1457
1457
1457
1457
1457
1457
1457
1457
1457
1457
1457
1457
1457
1457
1457
1457
1457
1457
1457
1457
1457
1457
1457
1457
1457
1457
1457
1457
1457
1457
1457
1457
1457
1457
1457
1457
1457
1457
1457
1457
1457
1457
1457
1457
1457
1457
1457
1457
1457
1471
1471
1471
1471
1471
1471
1471
1471
1471
1471
1471
1471
1471
1471
1471
1471
1617
1788
1788
1875
1911
1911
1967
2026
2026
2026
2026
2026
2026
2026
2026
2026
2026
2026
2026
2026
2026
2026
2026
2026
2026
2026
2026
2026
2026
2026
2026
2026
2026
2026
2026
2026
2026
2026
2026
2026
2026
2026
2026
2026
2026
2026
2026
2026
2026
2026
2026
2026
2027
2027
2027
2027
2027
2027
2027
2027
2027
2027
2027
2027
2027
2027
2027
2027
2027
2027
2027
2027
2027
2027
2027
2027
2027
2027
2027
2027
2027
2027
2027
2027
2027
2027
2027
2027
2027
2027
2027
2027
2027
2027
2032
2032
2032
2032
2032
2032
2032
2032
2146
2169
2169
2243
2285
2285
2285
2285
2285
2285
2285
2285
2316
2325
2348
2348
2357
2357
2357
2369
2369
2369
2369
2369
2369
2369
2369
2369
2369
2369
2369
2369
2369
2369
2369
2369
2369
2369
2369
2369
2369
2369
2369
2369
2369
2369
2369
2369
2369
2369
2369
2369
2369
2369
2369
2369
2369
2369
2369
2369
2369
2369
2369
2370
2370
2370
2370
2370
2370
2370
2370
2370
2370
2370
2370
2370
2370
2370
2370
2370
2370
2370
2370
2370
2370
2370
2370
2370
2370
2370
2370
2370
2370
2370
2370
2370
2370
2370
2370
2370
2370
2370
2370
2370
2370
2370
2370
2370
2370
2370
2370
2370
2370
2370
2370
2370
2370
2370
2370
2370
2372
2372
2376
2379
2380
2426
2426
2426
2426
2426
2426
2426
2426
2426
2426
2426
2426
2426
2426
2426
2426
2426
2426
2426
2426
2426
2426
2426
2426
2426
2426
2426
2426
2426
2426
2426
2426
2426
2426
2426
2426
2430
2432
2432
2432
2432
2432
2432
2432
2432
2432
2432
2432
2432
2436
2436
2436
2436
2436
2436
2436
2436
2436
2436
2436
2436
2436
2436
2436
2436
2436
2436
2436
2436
2436
2436
2436
2436
2505
2526
2600
2667
2667
2667
2667
2667
2667
2667
2667
2699
2700
2738
2766
2766
2766
2766
2766
2766
2766
2766
2769
2769
2769
2769
2769
2769
2769
2769
2769
2769
2769
2769
2769
2769
2769
2769
2769
2769
2769
2769
2769
2769
2769
2769
2769
2769
2769
2769
2769
2769
2769
2769
2769
2769
2769
2769
2769
2769
2769
2769
2769
2769
2769
2769
2769
2769
2769
2769
2769
2769
2769
2769
2769
2769
2769
2769
2769
2769
2769
2769
2769
2769
2769
2769
2769
2769
2769
2769
2769
2769
2769
2769
2769
2769
2769
2769
2769
2769
2769
2769
2769
2769
2769
2769
2769
2769
2769
2769
2769
2769
2769
2769
2769
2769
2769
2769
2769
2769
2769
2769
2769
2769
2769
2769
2769
2769
2769
3812
3812
3813
0
0
0
0
0
0
0
0
0
0
0
0
0
0
0
0
0
0
0
0
0
0
0
0
0
0
0
0
0
0
0
0
0
0
0
0
0
0
0
0
0
0
0
0
0
0
0
0
0
0
0
0
0
0
0
0
0
0
0
0
0
0
0
0
0
0
0
0
0
0
0
0
0
0
0
0
0
0
0
0
0
0
0
0
0
0
0
0
0
0
0
0
0
0
0
0
0
0
0
0
0
0
0
0
0
0
0
0
0
0
0
0
0
0
0
0
0
0
0
0
0
0
0
0
0
0
0
0
0
0
0
0
0
0
0
0
0
0
0
0
0
0
0
0
0
0
0
0
0
0
0
0
0
0
0
0
0
0
0
0
0
0
0
0
0
0
0
0
0
0
0
0
0
0
0
0
0
0
0
0
0
0
0
0
0
0
0
0
0
0
0
0
0
0
0
0
0
0
0
0
0
0
0
0
0
0
0
0
0
0
0
0
0
0
0
0
0
0
0
0
0
0
0
0
0
0
0
0
0
0
0
0
0
0
0
0
0
0
0
0
0
0
0
0
0
0
0
0
0
0
0
0
0
0
0
0
0
0
0
0
0
0
0
0
0
0
0
0
0
0
0
0
0
0
0
0
0
0
0
0
0
0
0
0
0
0
0
0
0
0
0
0
0
0
0
0
0
0
0
0
0
0
0
0
0
0
0
0
0
0
0
0
0
0
0
0
0
0
0
0
0
0
0
0
0
0
0
0
0
0
0
0
0
0
0
0
0
0
0
0
0
0
0
0
0
0
0
0
0
0
0
0
0
0
0
0
0
0
0
0
0
0
0
0
0
0
0
0
0
0
0
0
0
0
0
0
0
0
0
0
0
0
0
0
0
0
0
0
0
0
0
0
0
0
0
0
0
0
0
0
0
0
0
0
0
0
0
0
0
0
0
0
0
0
0
0
0
0
0
0
0
0
0
0
0
0
0
0
0
0
0
0
0
0
0
0
0
0
0
0
0
0
0
0
0
0
0
0
0
0
0
0
0
0
0
0
0
0
0
0
0
0
0
0
0
0
0
0
0
0
0
0
0
0
0
0
0
0
0
0
0
0
0
0
0
0
0
0
0
0
0
0
0
0
0
0
0
0
0
0
0
0
0
0
0
0
0
0
0
0
0
0
0
0
0
0
0
0
0
0
0
0
0
0
0
0
0
0
0
0
0
0
0
0
0
0
0
0
0
0
0
0
0
0
0
0
0
0
0
0
0
0
0
0
0
0
0
0
0
0
0
0
0
0
0
0
0
0
0
0
0
0
0
0
0
0
0
0
0
0
0
0
0
0
313
313
313
313
313
313
313
313
313
318
318
318
318
318
318
318
318
318
318
318
318
318
318
318
320
320
320
320
320
320
320
320
320
320
320
321
321
321
321
321
321
321
321
321
321
321
321
323
323
323
323
323
323
323
323
323
323
323
325
325
325
325
325
325
325
325
325
325
325
329
329
329
329
329
329
329
329
329
329
329
329
329
329
329
329
329
329
329
329
329
329
332
332
332
332
332
332
332
332
332
332
332
332
332
332
332
332
333
333
333
333
333
333
333
333
333
333
335
335
335
335
335
335
335
335
335
335
335
335
339
339
339
339
339
339
339
339
339
339
339
339
341
341
341
341
341
341
341
341
341
341
341
341
341
341
341
341
341
341
343
343
343
343
343
343
343
343
343
345
345
345
345
345
345
345
345
345
345
345
345
345
345
347
347
347
347
347
347
347
347
347
349
349
349
349
349
349
349
349
349
349
349
349
349
349
349
349
349
349
349
349
349
349
349
349
349
349
349
349
349
352
352
352
352
352
352
352
352
352
352
813
813
813
813
813
813
813
813
813
818
818
818
818
818
818
818
818
818
818
818
818
818
818
818
820
820
820
820
820
820
820
820
820
820
820
821
821
821
821
821
821
821
821
821
821
821
821
823
823
823
823
823
823
823
823
823
823
823
825
825
825
825
825
825
825
825
825
825
825
829
829
829
829
829
829
829
829
829
829
829
829
829
829
829
829
829
829
829
829
829
829
832
832
832
832
832
832
832
832
832
832
832
832
832
832
832
832
833
833
833
833
833
833
833
833
833
833
835
835
835
835
835
835
835
835
835
835
835
835
839
839
839
839
839
839
839
839
839
839
839
839
841
841
841
841
841
841
841
841
841
841
841
841
841
841
841
841
841
841
843
843
843
843
843
843
843
843
843
845
845
845
845
845
845
845
845
845
845
845
845
845
845
845
847
847
847
847
847
847
847
847
847
847
847
847
847
847
847
847
849
849
849
849
849
849
849
849
849
849
849
849
849
849
849
849
849
849
849
849
849
849
849
849
849
849
849
849
849
849
849
849
849
849
849
849
849
849
849
849
849
849
849
849
849
849
849
849
849
849
849
849
849
849
852
852
852
852
852
852
852
852
852
852
852
852
852
852
852
852
852
852
852
1313
1313
1313
1313
1313
1313
1313
1313
1313
1313
1313
1313
1313
1313
1313
1313
1318
1318
1318
1318
1318
1318
1318
1318
1318
1318
1318
1318
1318
1318
1318
1318
1318
1318
1318
1318
1318
1318
1318
1318
1318
1318
1320
1320
1320
1320
1320
1320
1320
1320
1320
1320
1320
1320
1320
1320
1320
1320
1320
1320
1320
1320
1320
1321
1321
1321
1321
1321
1321
1321
1321
1321
1321
1321
1321
1321
1321
1321
1321
1321
1321
1321
1321
1321
1321
1321
1321
1323
1323
1323
1323
1323
1323
1323
1323
1323
1323
1323
1323
1323
1323
1323
1323
1323
1323
1323
1325
1325
1325
1325
1325
1325
1325
1325
1325
1325
1325
1325
1325
1325
1325
1325
1325
1325
1325
1325
1325
1329
1329
1329
1329
1329
1329
1329
1329
1329
1329
1329
1329
1329
1329
1329
1329
1329
1329
1329
1329
1329
1329
1329
1329
1329
1329
1329
1329
1329
1329
1329
1329
1329
1329
1329
1329
1329
1329
1329
1329
1329
1329
1332
1332
1332
1332
1332
1332
1332
1332
1332
1332
1332
1332
1332
1332
1332
1332
1332
1332
1332
1332
1332
1332
1332
1332
1332
1332
1332
1332
1333
1333
1333
1333
1333
1333
1333
1333
1333
1333
1333
1333
1333
1333
1333
1333
1333
1333
1335
1335
1335
1335
1335
1335
1335
1335
1335
1335
1335
1335
1335
1335
1335
1335
1335
1335
1335
1335
1335
1335
1335
1335
1335
1335
1335
1335
1335
1335
1339
1339
1339
1339
1339
1339
1339
1339
1339
1339
1339
1339
1339
1339
1339
1339
1339
1339
1339
1339
1339
1339
1339
1339
1339
1339
1339
1339
1339
1339
1339
1339
1339
1339
1339
1339
1341
1341
1341
1341
1341
1341
1341
1341
1341
1341
1341
1341
1341
1341
1341
1341
1341
1341
1341
1341
1341
1341
1341
1341
1341
1341
1341
1341
1341
1341
1341
1341
1341
1341
1341
1341
1341
1341
1341
1341
1341
1341
1341
1341
1341
1341
1341
1341
1341
1341
1341
1341
1341
1341
1341
1341
1341
1341
1341
1341
1341
1341
1341
1341
1343
1343
1343
1343
1343
1343
1343
1343
1343
1343
1343
1343
1343
1343
1343
1343
1343
1343
1343
1343
1343
1343
1343
1343
1343
1343
1343
1343
1345
1345
1345
1345
1345
1345
1345
1345
1345
1345
1345
1345
1345
1345
1345
1345
1345
1345
1345
1345
1345
1345
1345
1345
1345
1345
1345
1345
1345
1345
1345
1345
1345
1345
1345
1345
1345
1345
1345
1345
1345
1345
1345
1345
1345
1345
1347
1347
1347
1347
1347
1347
1347
1347
1347
1347
1347
1347
1347
1347
1347
1347
1347
1347
1347
1347
1347
1347
1347
1347
1347
1347
1347
1347
1347
1347
1349
1349
1349
1349
1349
1349
1349
1349
1349
1349
1349
1349
1349
1349
1349
1349
1349
1349
1349
1349
1349
1349
1349
1349
1349
1349
1349
1349
1349
1349
1349
1349
1349
1349
1349
1349
1349
1349
1349
1349
1349
1349
1349
1349
1349
1349
1349
1349
1349
1349
1349
1349
1349
1349
1349
1349
1349
1349
1349
1349
1349
1349
1349
1349
1349
1349
1349
1349
1349
1349
1349
1349
1349
1349
1349
1349
1349
1349
1349
1349
1349
1349
1349
1349
1349
1349
1349
1349
1349
1349
1349
1349
1349
1349
1349
1349
1349
1349
1349
1349
1349
1349
1349
1349
1349
1349
1352
1352
1352
1352
1352
1352
1352
1352
1352
1352
1352
1352
1352
1352
1352
1352
1352
1352
1352
1352
1352
1352
1352
1352
1352
1352
1352
1352
1352
1352
1352
1352
1352
1352
1352
1352
1352
1813
1813
1813
1813
1813
1813
1813
1813
1813
1813
1813
1813
1813
1813
1813
1813
1813
1813
1813
1813
1813
1813
1813
1813
1813
1813
1813
1813
1813
1813
1813
1818
1818
1818
1818
1818
1818
1818
1818
1818
1818
1818
1818
1818
1818
1818
1818
1818
1818
1818
1818
1818
1818
1818
1818
1818
1818
1818
1818
1818
1818
1818
1818
1818
1818
1818
1818
1818
1818
1818
1818
1818
1818
1818
1818
1818
1818
1818
1818
1818
1820
1820
1820
1820
1820
1820
1820
1820
1820
1820
1820
1820
1820
1820
1820
1820
1820
1820
1820
1820
1820
1820
1820
1820
1820
1820
1820
1820
1820
1820
1820
1820
1820
1820
1820
1820
1820
1820
1820
1820
1820
1821
1821
1821
1821
1821
1821
1821
1821
1821
1821
1821
1821
1821
1821
1821
1821
1821
1821
1821
1821
1821
1821
1821
1821
1821
1821
1821
1821
1821
1821
1821
1821
1821
1821
1821
1821
1821
1821
1821
1821
1821
1821
1821
1821
1821
1821
1821
1821
1823
1823
1823
1823
1823
1823
1823
1823
1823
1823
1823
1823
1823
1823
1823
1823
1823
1823
1823
1823
1823
1823
1823
1823
1823
1823
1823
1823
1823
1823
1823
1823
1823
1823
1823
1823
1825
1825
1825
1825
1825
1825
1825
1825
1825
1825
1825
1825
1825
1825
1825
1825
1825
1825
1825
1825
1825
1825
1825
1825
1825
1825
1825
1825
1825
1825
1825
1825
1825
1825
1825
1825
1825
1825
1825
1825
1825
1829
1829
1829
1829
1829
1829
1829
1829
1829
1829
1829
1829
1829
1829
1829
1829
1829
1829
1829
1829
1829
1829
1829
1829
1829
1829
1829
1829
1829
1829
1829
1829
1829
1829
1829
1829
1829
1829
1829
1829
1829
1829
1829
1829
1829
1829
1829
1829
1829
1829
1829
1829
1829
1829
1829
1829
1829
1829
1829
1829
1829
1829
1829
1829
1829
1829
1829
1829
1829
1829
1829
1829
1829
1829
1829
1829
1829
1829
1829
1829
1829
1829
1829
1829
1829
1829
1829
1829
1829
1829
1829
1829
1829
1829
1829
1829
1829
1829
1829
1829
1829
1829
1829
1829
1829
1829
1829
1829
1829
1829
1829
1829
1829
1829
1829
1829
1829
1829
1829
1829
1829
1829
1829
1829
1829
1829
1829
1829
1829
1829
1829
1829
1829
1829
1829
1829
1829
1829
1829
1829
1829
1829
1829
1829
1832
1832
1832
1832
1832
1832
1832
1832
1832
1832
1832
1832
1832
1832
1832
1832
1832
1832
1832
1832
1832
1832
1832
1832
1832
1832
1832
1832
1832
1832
1832
1832
1832
1832
1832
1832
1832
1832
1832
1832
1832
1832
1832
1832
1832
1832
1832
1832
1832
1832
1832
1832
1832
1832
1832
1832
1832
1832
1832
1832
1832
1832
1832
1832
1832
1832
1832
1832
1832
1832
1832
1832
1832
1832
1832
1832
1832
1832
1832
1832
1832
1832
1832
1832
1832
1832
1832
1832
1832
1832
1832
1832
1832
1832
1832
1832
1832
1832
1832
1832
1832
1832
1832
1832
1832
1832
1832
1833
1833
1833
1833
1833
1833
1833
1833
1833
1833
1833
1833
1833
1833
1833
1833
1833
1833
1833
1833
1833
1833
1833
1833
1833
1833
1833
1833
1833
1833
1833
1833
1833
1833
1833
1833
1833
1833
1833
1833
1833
1833
1833
1833
1833
1833
1833
1833
1833
1833
1833
1833
1833
1833
1833
1833
1833
1833
1833
1833
1833
1833
1833
1833
1833
1833
1833
1833
1833
1833
1835
1835
1835
1835
1835
1835
1835
1835
1835
1835
1835
1835
1835
1835
1835
1835
1835
1835
1835
1835
1835
1835
1835
1835
1835
1835
1835
1835
1835
1835
1835
1835
1835
1835
1835
1835
1835
1835
1835
1835
1835
1835
1835
1835
1835
1835
1835
1835
1835
1835
1835
1835
1835
1835
1835
1835
1835
1835
1835
1835
1835
1835
1835
1835
1835
1835
1835
1835
1835
1835
1835
1835
1835
1835
1835
1835
1835
1835
1835
1835
1835
1839
1839
1839
1839
1839
1839
1839
1839
1839
1839
1839
1839
1839
1839
1839
1839
1839
1839
1839
1839
1839
1839
1839
1839
1839
1839
1839
1839
1839
1839
1839
1839
1839
1839
1839
1839
1839
1839
1839
1839
1839
1839
1839
1839
1839
1839
1839
1839
1839
1839
1839
1839
1839
1839
1839
1839
1839
1839
1839
1839
1839
1839
1839
1839
1839
1839
1839
1839
1839
1839
1841
1841
1841
1841
1841
1841
1841
1841
1841
1841
1841
1841
1841
1841
1841
1841
1841
1841
1841
1841
1841
1841
1841
1841
1841
1841
1841
1841
1841
1841
1841
1841
1841
1841
1841
1841
1841
1841
1841
1841
1841
1841
1841
1841
1841
1841
1841
1841
1841
1841
1841
1841
1841
1841
1841
1841
1841
1841
1841
1841
1841
1841
1841
1841
1841
1841
1841
1841
1841
1841
1841
1841
1841
1841
1841
1841
1841
1841
1841
1841
1841
1841
1841
1841
1841
1841
1841
1841
1841
1841
1841
1841
1841
1841
1841
1841
1841
1841
1841
1841
1841
1841
1841
1841
1841
1841
1841
1841
1841
1841
1841
1841
1841
1841
1841
1841
1841
1841
1841
1841
1841
1841
1841
1841
1841
1841
1841
1843
1843
1843
1843
1843
1843
1843
1843
1843
1843
1843
1843
1843
1843
1843
1843
1843
1843
1843
1843
1843
1843
1843
1843
1843
1843
1843
1843
1843
1843
1843
1843
1843
1843
1843
1843
1843
1843
1843
1843
1843
1843
1843
1843
1843
1843
1843
1843
1843
1843
1843
1843
1843
1843
1843
1843
1845
1845
1845
1845
1845
1845
1845
1845
1845
1845
1845
1845
1845
1845
1845
1845
1845
1845
1845
1845
1845
1845
1845
1845
1845
1845
1845
1845
1845
1845
1845
1845
1845
1845
1845
1845
1845
1845
1845
1845
1845
1845
1845
1845
1845
1845
1845
1845
1845
1845
1845
1845
1845
1845
1845
1845
1845
1845
1845
1845
1845
1845
1845
1845
1845
1845
1845
1845
1845
1845
1845
1845
1845
1845
1845
1845
1845
1845
1845
1845
1845
1845
1845
1845
1845
1845
1845
1845
1845
1845
1845
1845
1847
1847
1847
1847
1847
1847
1847
1847
1847
1847
1847
1847
1847
1847
1847
1847
1847
1847
1847
1847
1847
1847
1847
1847
1847
1847
1847
1847
1847
1847
1847
1847
1847
1847
1847
1847
1847
1847
1847
1847
1847
1847
1847
1847
1847
1847
1847
1847
1847
1847
1847
1847
1847
1847
1847
1847
1847
1847
1847
1847
1849
1849
1849
1849
1849
1849
1849
1849
1849
1849
1849
1849
1849
1849
1849
1849
1849
1849
1849
1849
1849
1849
1849
1849
1849
1849
1849
1849
1849
1849
1849
1849
1849
1849
1849
1849
1849
1849
1849
1849
1849
1849
1849
1849
1849
1849
1849
1849
1849
1849
1849
1849
1849
1849
1849
1849
1849
1849
1849
1849
1849
1849
1849
1849
1849
1849
1849
1849
1849
1849
1849
1849
1849
1849
1849
1849
1849
1849
1849
1849
1849
1849
1849
1849
1849
1849
1849
1849
1849
1849
1849
1849
1849
1849
1849
1849
1849
1849
1849
1849
1849
1849
1849
1849
1849
1849
1849
1849
1849
1849
1849
1849
1849
1849
1849
1849
1849
1849
1849
1849
1849
1849
1849
1849
1849
1849
1849
1849
1849
1849
1849
1849
1849
1849
1849
1849
1849
1849
1849
1849
1849
1849
1849
1849
1849
1849
1849
1849
1849
1849
1849
1849
1849
1849
1849
1849
1849
1849
1849
1849
1849
1849
1849
1849
1849
1849
1849
1849
1849
1849
1849
1849
1849
1849
1849
1849
1849
1849
1849
1849
1849
1849
1849
1849
1849
1849
1849
1849
1849
1849
1849
1849
1849
1849
1849
1849
1849
0
0
0
0
0
0
0
0
0
0
0
0
0
0
0
0
0
0
0
0
0
0
0
0
0
0
0
0
0
0
0
0
0
0
0
0
0
0
0
0
0
0
0
0
0
0
0
0
0
0
0
0
0
0
0
0
0
0
0
0
0
0
0
0
0
0
0
0
0
0
0
0
0
0
0
0
0
0
0
0
0
0
0
0
0
0
0
0
0
0
0
0
0
0
0
0
0
0
0
0
0
0
0
0
0
0
0
0
0
0
0
0
0
0
0
0
0
0
0
0
0
0
0
0
0
0
0
0
0
0
0
0
0
0
0
0
0
0
0
0
0
0
0
0
0
0
0
0
0
0
0
0
0
0
0
0
0
0
0
0
0
0
0
0
0
0
0
0
0
0
0
0
0
0
0
0
0
0
0
0
0
0
0
0
0
0
0
0
0
0
0
0
0
0
0
0
0
0
0
0
0
0
0
0
0
0
0
0
0
0
0
0
0
0
0
0
0
0
0
0
0
0
0
0
0
0
0
0
0
0
0
0
0
0
0
0
0
0
0
0
0
0
0
0
0
0
0
0
0
0
0
0
0
0
0
0
0
0
0
0
0
0
0
0
0
0
0
0
0
0
0
0
0
0
0
0
0
0
0
0
0
0
0
0
0
0
0
0
0
0
0
0
0
0
0
0
0
0
0
0
0
0
0
0
0
0
0
0
0
0
0
0
0
0
0
0
0
0
0
0
0
0
0
0
0
0
0
0
0
0
0
0
0
0
0
0
0
0
0
0
0
0
0
0
0
0
0
0
0
0
0
0
0
0
0
0
0
0
0
0
0
0
0
0
0
0
0
0
0
0
0
0
0
0
0
0
0
0
0
0
0
0
0
0
0
0
0
0
0
0
0
0
0
0
0
0
0
0
0
0
0
0
0
0
0
0
0
0
0
0
0
0
0
0
0
0
0
0
0
0
0
0
0
0
0
0
0
0
0
0
0
0
0
0
0
0
0
0
0
0
0
0
0
0
0
0
0
0
0
0
0
0
0
0
0
0
0
0
0
0
0
0
0
0
0
0
0
0
0
0
0
0
0
0
0
0
0
0
0
0
0
0
0
0
0
0
0
0
0
0
0
0
0
0
0
0
0
0
0
0
0
0
0
0
0
0
0
0
0
0
0
0
0
0
0
0
0
0
0
0
0
0
0
0
0
0
0
0
0
0
0
0
0
0
0
0
0
0
0
0
0
0
0
0
0
0
0
0
0
0
0
0
0
0
0
0
0
0
0
0
0
0
0
0
0
0
0
0
0
0
0
0
0
0
0
0
0
0
0
0
0
0
0
0
0
0
0
0
0
0
0
0
0
0
0
0
0
0
0
0
0
0
0
0
0
0
0
0
0
0
0
0
0
0
0
0
0
0
0
0
0
0
0
0
0
0
0
0
0
0
0
0
0
0
0
0
0
0
0
0
0
0
0
0
0
0
0
0
0
0
0
0
0
0
0
0
0
0
0
0
0
0
0
0
0
0
0
0
0
0
0
0
0
0
0
0
0
0
0
0
0
0
0
0
0
0
0
0
0
0
0
0
0
0
0
0
0
0
0
0
0
0
0
0
0
0
0
0
0
0
0
0
0
0
0
0
0
0
0
0
0
0
0
0
0
0
0
0
0
0
0
0
0
0
0
0
0
0
0
0
0
0
0
0
0
0
0
0
0
0
0
0
0
0
0
0
0
0
0
0
0
0
0
0
0
0
0
0
0
0
0
0
0
0
0
0
0
0
0
0
0
0
0
0
0
0
0
0
0
0
0
0
0
0
0
0
0
0
0
0
0
0
0
0
0
0
0
0
0
0
0
0
0
0
0
0
0
0
0
0
0
0
0
0
0
0
0
0
0
0
0
0
0
0
0
0
0
0
0
0
0
0
0
0
0
0
0
0
0
0
0
0
0
0
0
0
0
0
0
0
0
0
0
0
0
0
0
0
0
0
0
0
0
0
0
0
0
0
0
0
0
0
0
0
0
0
0
0
0
0
0
0
0
0
0
0
0
0
0
0
0
0
0
0
0
0
0
0
0
0
0
0
0
0
0
0
0
0
0
0
0
0
0
0
0
0
0
0
0
0
0
0
0
0
0
0
0
0
0
0
0
0
0
0
0
0
0
0
0
0
0
0
0
0
0
0
0
0
0
0
0
0
0
0
0
0
0
0
0
0
0
0
0
0
0
0
0
0
0
0
0
0
0
0
0
0
0
0
0
0
0
0
0
0
0
0
0
0
0
0
0
0
0
0
0
0
0
0
0
0
0
0
0
0
0
0
0
0
0
0
0
0
0
0
0
0
0
0
0
0
0
0
0
0
0
0
0
0
0
0
0
0
0
0
0
0
0
0
0
0
0
0
0
0
0
0
0
0
0
0
0
0
0
0
0
0
0
0
0
0
0
0
0
0
0
0
0
0
0
0
0
0
0
0
0
0
0
0
0
0
0
0
0
0
0
0
0
0
0
0
0
0
0
0
0
0
0
0
0
0
0
0
0
0
0
0
0
0
0
0
0
0
0
0
0
0
0
0
0
0
0
0
0
0
0
0
0
0
0
0
0
0
0
0
0
0
0
0
0
0
0
0
0
0
0
0
0
0
0
0
0
0
0
0
0
0
0
0
313
313
313
313
313
313
313
313
313
318
318
318
318
318
318
318
318
318
318
318
318
318
318
318
320
320
320
320
320
320
320
320
320
320
320
321
321
321
321
321
321
321
321
321
321
321
321
323
323
323
323
323
323
323
323
323
323
323
325
325
325
325
325
325
325
325
325
325
325
329
329
329
329
329
329
329
329
329
329
329
329
329
329
329
329
329
329
329
329
329
329
332
332
332
332
332
332
332
332
332
332
332
332
332
332
332
332
333
333
333
333
333
333
333
333
333
333
335
335
335
335
335
335
335
335
335
335
335
335
339
339
339
339
339
339
339
339
339
339
339
339
341
341
341
341
341
341
341
341
341
341
341
341
341
341
341
341
341
341
343
343
343
343
343
343
343
343
343
345
345
345
345
345
345
345
345
345
345
345
345
345
345
347
347
347
347
347
347
347
347
347
349
349
349
349
349
349
349
349
349
349
349
349
349
349
349
349
349
349
349
349
349
349
349
349
349
349
349
349
349
352
352
352
352
352
352
352
352
352
352
813
813
813
813
813
813
813
813
813
818
818
818
818
818
818
818
818
818
818
818
818
818
818
818
820
820
820
820
820
820
820
820
820
820
820
821
821
821
821
821
821
821
821
821
821
821
821
823
823
823
823
823
823
823
823
823
823
823
825
825
825
825
825
825
825
825
825
825
825
829
829
829
829
829
829
829
829
829
829
829
829
829
829
829
829
829
829
829
829
829
829
832
832
832
832
832
832
832
832
832
832
832
832
832
832
832
832
833
833
833
833
833
833
833
833
833
833
835
835
835
835
835
835
835
835
835
835
835
835
839
839
839
839
839
839
839
839
839
839
839
839
841
841
841
841
841
841
841
841
841
841
841
841
841
841
841
841
841
841
843
843
843
843
843
843
843
843
843
845
845
845
845
845
845
845
845
845
845
845
845
845
845
845
847
847
847
847
847
847
847
847
847
847
847
847
847
847
847
847
849
849
849
849
849
849
849
849
849
849
849
849
849
849
849
849
849
849
849
849
849
849
849
849
849
849
849
849
849
849
849
849
849
849
849
849
849
849
849
849
849
849
849
849
849
849
849
849
849
849
849
849
849
849
852
852
852
852
852
852
852
852
852
852
852
852
852
852
852
852
852
852
852
1313
1313
1313
1313
1313
1313
1313
1313
1313
1313
1313
1313
1313
1313
1313
1313
1318
1318
1318
1318
1318
1318
1318
1318
1318
1318
1318
1318
1318
1318
1318
1318
1318
1318
1318
1318
1318
1318
1318
1318
1318
1318
1320
1320
1320
1320
1320
1320
1320
1320
1320
1320
1320
1320
1320
1320
1320
1320
1320
1320
1320
1320
1320
1321
1321
1321
1321
1321
1321
1321
1321
1321
1321
1321
1321
1321
1321
1321
1321
1321
1321
1321
1321
1321
1321
1321
1321
1323
1323
1323
1323
1323
1323
1323
1323
1323
1323
1323
1323
1323
1323
1323
1323
1323
1323
1323
1325
1325
1325
1325
1325
1325
1325
1325
1325
1325
1325
1325
1325
1325
1325
1325
1325
1325
1325
1325
1325
1329
1329
1329
1329
1329
1329
1329
1329
1329
1329
1329
1329
1329
1329
1329
1329
1329
1329
1329
1329
1329
1329
1329
1329
1329
1329
1329
1329
1329
1329
1329
1329
1329
1329
1329
1329
1329
1329
1329
1329
1329
1329
1332
1332
1332
1332
1332
1332
1332
1332
1332
1332
1332
1332
1332
1332
1332
1332
1332
1332
1332
1332
1332
1332
1332
1332
1332
1332
1332
1332
1333
1333
1333
1333
1333
1333
1333
1333
1333
1333
1333
1333
1333
1333
1333
1333
1333
1333
1335
1335
1335
1335
1335
1335
1335
1335
1335
1335
1335
1335
1335
1335
1335
1335
1335
1335
1335
1335
1335
1335
1335
1335
1335
1335
1335
1335
1335
1335
1339
1339
1339
1339
1339
1339
1339
1339
1339
1339
1339
1339
1339
1339
1339
1339
1339
1339
1339
1339
1339
1339
1339
1339
1339
1339
1339
1339
1339
1339
1339
1339
1339
1339
1339
1339
1341
1341
1341
1341
1341
1341
1341
1341
1341
1341
1341
1341
1341
1341
1341
1341
1341
1341
1341
1341
1341
1341
1341
1341
1341
1341
1341
1341
1341
1341
1341
1341
1341
1341
1341
1341
1341
1341
1341
1341
1341
1341
1341
1341
1341
1341
1341
1341
1341
1341
1341
1341
1341
1341
1341
1341
1341
1341
1341
1341
1341
1341
1341
1341
1343
1343
1343
1343
1343
1343
1343
1343
1343
1343
1343
1343
1343
1343
1343
1343
1343
1343
1343
1343
1343
1343
1343
1343
1343
1343
1343
1343
1345
1345
1345
1345
1345
1345
1345
1345
1345
1345
1345
1345
1345
1345
1345
1345
1345
1345
1345
1345
1345
1345
1345
1345
1345
1345
1345
1345
1345
1345
1345
1345
1345
1345
1345
1345
1345
1345
1345
1345
1345
1345
1345
1345
1345
1345
1347
1347
1347
1347
1347
1347
1347
1347
1347
1347
1347
1347
1347
1347
1347
1347
1347
1347
1347
1347
1347
1347
1347
1347
1347
1347
1347
1347
1347
1347
1349
1349
1349
1349
1349
1349
1349
1349
1349
1349
1349
1349
1349
1349
1349
1349
1349
1349
1349
1349
1349
1349
1349
1349
1349
1349
1349
1349
1349
1349
1349
1349
1349
1349
1349
1349
1349
1349
1349
1349
1349
1349
1349
1349
1349
1349
1349
1349
1349
1349
1349
1349
1349
1349
1349
1349
1349
1349
1349
1349
1349
1349
1349
1349
1349
1349
1349
1349
1349
1349
1349
1349
1349
1349
1349
1349
1349
1349
1349
1349
1349
1349
1349
1349
1349
1349
1349
1349
1349
1349
1349
1349
1349
1349
1349
1349
1349
1349
1349
1349
1349
1349
1349
1349
1349
1349
1352
1352
1352
1352
1352
1352
1352
1352
1352
1352
1352
1352
1352
1352
1352
1352
1352
1352
1352
1352
1352
1352
1352
1352
1352
1352
1352
1352
1352
1352
1352
1352
1352
1352
1352
1352
1352
1813
1813
1813
1813
1813
1813
1813
1813
1813
1813
1813
1813
1813
1813
1813
1813
1813
1813
1813
1813
1813
1813
1813
1813
1813
1813
1813
1813
1813
1813
1813
1818
1818
1818
1818
1818
1818
1818
1818
1818
1818
1818
1818
1818
1818
1818
1818
1818
1818
1818
1818
1818
1818
1818
1818
1818
1818
1818
1818
1818
1818
1818
1818
1818
1818
1818
1818
1818
1818
1818
1818
1818
1818
1818
1818
1818
1818
1818
1818
1818
1820
1820
1820
1820
1820
1820
1820
1820
1820
1820
1820
1820
1820
1820
1820
1820
1820
1820
1820
1820
1820
1820
1820
1820
1820
1820
1820
1820
1820
1820
1820
1820
1820
1820
1820
1820
1820
1820
1820
1820
1820
1821
1821
1821
1821
1821
1821
1821
1821
1821
1821
1821
1821
1821
1821
1821
1821
1821
1821
1821
1821
1821
1821
1821
1821
1821
1821
1821
1821
1821
1821
1821
1821
1821
1821
1821
1821
1821
1821
1821
1821
1821
1821
1821
1821
1821
1821
1821
1821
1823
1823
1823
1823
1823
1823
1823
1823
1823
1823
1823
1823
1823
1823
1823
1823
1823
1823
1823
1823
1823
1823
1823
1823
1823
1823
1823
1823
1823
1823
1823
1823
1823
1823
1823
1823
1825
1825
1825
1825
1825
1825
1825
1825
1825
1825
1825
1825
1825
1825
1825
1825
1825
1825
1825
1825
1825
1825
1825
1825
1825
1825
1825
1825
1825
1825
1825
1825
1825
1825
1825
1825
1825
1825
1825
1825
1825
1829
1829
1829
1829
1829
1829
1829
1829
1829
1829
1829
1829
1829
1829
1829
1829
1829
1829
1829
1829
1829
1829
1829
1829
1829
1829
1829
1829
1829
1829
1829
1829
1829
1829
1829
1829
1829
1829
1829
1829
1829
1829
1829
1829
1829
1829
1829
1829
1829
1829
1829
1829
1829
1829
1829
1829
1829
1829
1829
1829
1829
1829
1829
1829
1829
1829
1829
1829
1829
1829
1829
1829
1829
1829
1829
1829
1829
1829
1829
1829
1829
1829
1829
1829
1829
1829
1829
1829
1829
1829
1829
1829
1829
1829
1829
1829
1829
1829
1829
1829
1829
1829
1829
1829
1829
1829
1829
1829
1829
1829
1829
1829
1829
1829
1829
1829
1829
1829
1829
1829
1829
1829
1829
1829
1829
1829
1829
1829
1829
1829
1829
1829
1829
1829
1829
1829
1829
1829
1829
1829
1829
1829
1829
1829
1832
1832
1832
1832
1832
1832
1832
1832
1832
1832
1832
1832
1832
1832
1832
1832
1832
1832
1832
1832
1832
1832
1832
1832
1832
1832
1832
1832
1832
1832
1832
1832
1832
1832
1832
1832
1832
1832
1832
1832
1832
1832
1832
1832
1832
1832
1832
1832
1832
1832
1832
1832
1832
1832
1832
1832
1832
1832
1832
1832
1832
1832
1832
1832
1832
1832
1832
1832
1832
1832
1832
1832
1832
1832
1832
1832
1832
1832
1832
1832
1832
1832
1832
1832
1832
1832
1832
1832
1832
1832
1832
1832
1832
1832
1832
1832
1832
1832
1832
1832
1832
1832
1832
1832
1832
1832
1832
1833
1833
1833
1833
1833
1833
1833
1833
1833
1833
1833
1833
1833
1833
1833
1833
1833
1833
1833
1833
1833
1833
1833
1833
1833
1833
1833
1833
1833
1833
1833
1833
1833
1833
1833
1833
1833
1833
1833
1833
1833
1833
1833
1833
1833
1833
1833
1833
1833
1833
1833
1833
1833
1833
1833
1833
1833
1833
1833
1833
1833
1833
1833
1833
1833
1833
1833
1833
1833
1833
1835
1835
1835
1835
1835
1835
1835
1835
1835
1835
1835
1835
1835
1835
1835
1835
1835
1835
1835
1835
1835
1835
1835
1835
1835
1835
1835
1835
1835
1835
1835
1835
1835
1835
1835
1835
1835
1835
1835
1835
1835
1835
1835
1835
1835
1835
1835
1835
1835
1835
1835
1835
1835
1835
1835
1835
1835
1835
1835
1835
1835
1835
1835
1835
1835
1835
1835
1835
1835
1835
1835
1835
1835
1835
1835
1835
1835
1835
1835
1835
1835
1839
1839
1839
1839
1839
1839
1839
1839
1839
1839
1839
1839
1839
1839
1839
1839
1839
1839
1839
1839
1839
1839
1839
1839
1839
1839
1839
1839
1839
1839
1839
1839
1839
1839
1839
1839
1839
1839
1839
1839
1839
1839
1839
1839
1839
1839
1839
1839
1839
1839
1839
1839
1839
1839
1839
1839
1839
1839
1839
1839
1839
1839
1839
1839
1839
1839
1839
1839
1839
1839
1841
1841
1841
1841
1841
1841
1841
1841
1841
1841
1841
1841
1841
1841
1841
1841
1841
1841
1841
1841
1841
1841
1841
1841
1841
1841
1841
1841
1841
1841
1841
1841
1841
1841
1841
1841
1841
1841
1841
1841
1841
1841
1841
1841
1841
1841
1841
1841
1841
1841
1841
1841
1841
1841
1841
1841
1841
1841
1841
1841
1841
1841
1841
1841
1841
1841
1841
1841
1841
1841
1841
1841
1841
1841
1841
1841
1841
1841
1841
1841
1841
1841
1841
1841
1841
1841
1841
1841
1841
1841
1841
1841
1841
1841
1841
1841
1841
1841
1841
1841
1841
1841
1841
1841
1841
1841
1841
1841
1841
1841
1841
1841
1841
1841
1841
1841
1841
1841
1841
1841
1841
1841
1841
1841
1841
1841
1841
1843
1843
1843
1843
1843
1843
1843
1843
1843
1843
1843
1843
1843
1843
1843
1843
1843
1843
1843
1843
1843
1843
1843
1843
1843
1843
1843
1843
1843
1843
1843
1843
1843
1843
1843
1843
1843
1843
1843
1843
1843
1843
1843
1843
1843
1843
1843
1843
1843
1843
1843
1843
1843
1843
1843
1843
1845
1845
1845
1845
1845
1845
1845
1845
1845
1845
1845
1845
1845
1845
1845
1845
1845
1845
1845
1845
1845
1845
1845
1845
1845
1845
1845
1845
1845
1845
1845
1845
1845
1845
1845
1845
1845
1845
1845
1845
1845
1845
1845
1845
1845
1845
1845
1845
1845
1845
1845
1845
1845
1845
1845
1845
1845
1845
1845
1845
1845
1845
1845
1845
1845
1845
1845
1845
1845
1845
1845
1845
1845
1845
1845
1845
1845
1845
1845
1845
1845
1845
1845
1845
1845
1845
1845
1845
1845
1845
1845
1845
1847
1847
1847
1847
1847
1847
1847
1847
1847
1847
1847
1847
1847
1847
1847
1847
1847
1847
1847
1847
1847
1847
1847
1847
1847
1847
1847
1847
1847
1847
1847
1847
1847
1847
1847
1847
1847
1847
1847
1847
1847
1847
1847
1847
1847
1847
1847
1847
1847
1847
1847
1847
1847
1847
1847
1847
1847
1847
1847
1847
1849
1849
1849
1849
1849
1849
1849
1849
1849
1849
1849
1849
1849
1849
1849
1849
1849
1849
1849
1849
1849
1849
1849
1849
1849
1849
1849
1849
1849
1849
1849
1849
1849
1849
1849
1849
1849
1849
1849
1849
1849
1849
1849
1849
1849
1849
1849
1849
1849
1849
1849
1849
1849
1849
1849
1849
1849
1849
1849
1849
1849
1849
1849
1849
1849
1849
1849
1849
1849
1849
1849
1849
1849
1849
1849
1849
1849
1849
1849
1849
1849
1849
1849
1849
1849
1849
1849
1849
1849
1849
1849
1849
1849
1849
1849
1849
1849
1849
1849
1849
1849
1849
1849
1849
1849
1849
1849
1849
1849
1849
1849
1849
1849
1849
1849
1849
1849
1849
1849
1849
1849
1849
1849
1849
1849
1849
1849
1849
1849
1849
1849
1849
1849
1849
1849
1849
1849
1849
1849
1849
1849
1849
1849
1849
1849
1849
1849
1849
1849
1849
1849
1849
1849
1849
1849
1849
1849
1849
1849
1849
1849
1849
1849
1849
1849
1849
1849
1849
1849
1849
1849
1849
1849
1849
1849
1849
1849
1849
1849
1849
1849
1849
1849
1849
1849
1849
1849
1849
1849
1849
1849
1849
1849
1849
1849
1849
1849
0
0
0
0
0
0
0
0
0
0
0
0
0
0
0
0
0
0
0
0
0
0
0
0
0
0
0
0
0
0
0
0
0
0
0
0
0
0
0
0
0
0
0
0
0
0
0
0
0
0
0
0
0
0
0
0
0
0
0
0
0
0
0
0
0
0
0
0
0
0
0
0
0
0
0
0
0
0
0
0
0
0
0
0
0
0
0
0
0
0
0
0
0
0
0
0
0
0
0
0
0
0
0
0
0
0
0
0
0
0
0
0
0
0
0
0
0
0
0
0
0
0
0
0
0
0
0
0
0
0
0
0
0
0
0
0
0
0
0
0
0
0
0
0
0
0
0
0
0
0
0
0
0
0
0
0
0
0
0
0
0
0
0
0
0
0
0
0
0
0
0
0
0
0
0
0
0
0
0
0
0
0
0
0
0
0
0
0
0
0
0
0
0
0
0
55
55
55
55
55
55
55
55
55
55
55
55
55
55
55
55
55
55
55
55
55
55
55
55
55
55
55
55
55
55
55
55
55
55
56
56
56
56
56
56
56
56
56
56
56
56
56
56
56
56
56
56
56
56
56
58
218
0
77
0
7
81
81
81
81
81
81
81
81
81
81
81
81
81
81
81
81
81
81
81
81
81
81
81
81
81
81
81
81
81
81
81
81
81
81
81
81
81
81
81
81
81
81
81
81
81
81
81
81
81
81
81
81
81
81
81
81
81
81
81
81
81
81
81
81
81
81
81
81
81
81
81
81
81
81
81
81
81
81
81
81
81
81
81
81
81
81
81
81
81
81
81
81
81
81
81
81
81
81
81
81
81
81
81
81
81
81
81
81
81
81
81
81
81
81
81
81
81
81
81
81
81
81
81
81
81
81
81
81
81
81
81
81
81
81
81
81
81
81
81
81
81
81
81
81
81
81
81
81
81
81
81
81
81
81
81
81
81
81
81
81
81
81
81
81
81
81
81
81
81
81
81
81
81
81
81
81
81
81
81
81
81
81
81
81
81
81
81
81
81
81
81
81
81
81
81
81
81
81
81
81
81
81
81
81
81
81
81
81
81
81
81
170
170
170
170
170
170
170
170
170
170
170
170
170
170
170
170
170
170
170
170
170
170
170
170
170
170
170
170
170
170
170
170
170
170
170
170
170
170
170
170
170
170
170
170
170
170
170
170
170
170
170
170
170
170
170
170
170
170
170
170
170
170
170
170
170
170
170
170
170
170
170
170
170
170
170
170
170
170
170
170
170
170
170
170
170
170
170
170
170
170
170
170
170
170
170
170
170
170
170
170
170
170
170
170
170
170
170
170
170
170
170
170
170
170
170
170
170
170
170
170
170
170
170
170
170
170
170
170
170
170
170
170
170
170
170
170
170
170
170
170
170
170
170
170
170
170
170
170
170
170
170
170
170
170
170
170
170
170
170
170
170
170
170
170
170
170
170
170
170
177
251
251
251
251
251
251
251
251
251
251
253
271
333
333
333
333
333
333
333
333
333
333
333
333
333
333
341
341
342
348
353
397
397
397
397
397
397
397
397
397
397
397
402
402
403
403
403
427
437
438
508
508
509
509
509
511
560
560
633
633
633
633
700
839
872
889
913
984
984
1022
1022
1022
1022
1022
1023
1023
1052
1088
1088
1090
1093
1164
1213
1383
1383
1457
1457
1457
1457
1457
1457
1457
1457
1457
1457
1457
1457
1457
1457
1457
1457
1457
1457
1457
1457
1457
1457
1457
1457
1457
1457
1457
1457
1457
1457
1457
1457
1457
1457
1457
1457
1457
1457
1457
1457
1457
1457
1457
1457
1457
1457
1457
1457
1457
1457
1457
1457
1457
1457
1457
1457
1457
1457
1457
1457
1457
1457
1457
1471
1471
1471
1471
1471
1471
1471
1471
1471
1471
1471
1471
1471
1471
1471
1471
1617
1788
1788
1875
1911
1911
1967
2026
2026
2026
2026
2026
2026
2026
2026
2026
2026
2026
2026
2026
2026
2026
2026
2026
2026
2026
2026
2026
2026
2026
2026
2026
2026
2026
2026
2026
2026
2026
2026
2026
2026
2026
2026
2026
2026
2026
2026
2026
2026
2026
2026
2026
2027
2027
2027
2027
2027
2027
2027
2027
2027
2027
2027
2027
2027
2027
2027
2027
2027
2027
2027
2027
2027
2027
2027
2027
2027
2027
2027
2027
2027
2027
2027
2027
2027
2027
2027
2027
2027
2027
2027
2027
2027
2027
2032
2032
2032
2032
2032
2032
2032
2032
2146
2169
2169
2243
2285
2285
2285
2285
2285
2285
2285
2285
2316
2325
2348
2348
2357
2357
2357
2369
2369
2369
2369
2369
2369
2369
2369
2369
2369
2369
2369
2369
2369
2369
2369
2369
2369
2369
2369
2369
2369
2369
2369
2369
2369
2369
2369
2369
2369
2369
2369
2369
2369
2369
2369
2369
2369
2369
2369
2369
2369
2369
2369
2370
2370
2370
2370
2370
2370
2370
2370
2370
2370
2370
2370
2370
2370
2370
2370
2370
2370
2370
2370
2370
2370
2370
2370
2370
2370
2370
2370
2370
2370
2370
2370
2370
2370
2370
2370
2370
2370
2370
2370
2370
2370
2370
2370
2370
2370
2370
2370
2370
2370
2370
2370
2370
2370
2370
2370
2370
2372
2372
2376
2379
2380
2426
2426
2426
2426
2426
2426
2426
2426
2426
2426
2426
2426
2426
2426
2426
2426
2426
2426
2426
2426
2426
2426
2426
2426
2426
2426
2426
2426
2426
2426
2426
2426
2426
2426
2426
2426
2430
2432
2432
2432
2432
2432
2432
2432
2432
2432
2432
2432
2432
2436
2436
2436
2436
2436
2436
2436
2436
2436
2436
2436
2436
2436
2436
2436
2436
2436
2436
2436
2436
2436
2436
2436
2436
2505
2526
2600
2667
2667
2667
2667
2667
2667
2667
2667
2699
2700
2738
2766
2766
2766
2766
2766
2766
2766
2766
2769
2769
2769
2769
2769
2769
2769
2769
2769
2769
2769
2769
2769
2769
2769
2769
2769
2769
2769
2769
2769
2769
2769
2769
2769
2769
2769
2769
2769
2769
2769
2769
2769
2769
2769
2769
2769
2769
2769
2769
2769
2769
2769
2769
2769
2769
2769
2769
2769
2769
2769
2769
2769
2769
2769
2769
2769
2769
2769
2769
2769
2769
2769
2769
2769
2769
2769
2769
2769
2769
2769
2769
2769
2769
2769
2769
2769
2769
2769
2769
2769
2769
2769
2769
2769
2769
2769
2769
2769
2769
2769
2769
2769
2769
2769
2769
2769
2769
2769
2769
2769
2769
2769
2769
2769
2769
2769
3812
3812
3813
0
0
0
0
0
0
0
0
0
0
0
0
0
0
0
0
0
0
0
0
0
0
0
0
0
0
0
0
0
0
0
0
0
0
0
0
0
0
0
0
0
0
0
0
0
0
0
0
0
0
0
0
0
0
0
0
0
0
0
0
0
0
0
0
0
0
0
0
0
0
0
0
0
0
0
0
0
0
0
0
0
0
0
0
0
0
0
0
0
0
0
0
0
0
0
0
0
0
0
0
0
0
0
0
0
0
0
0
0
0
0
0
0
0
0
0
0
0
0
0
0
0
0
0
0
0
0
0
0
0
0
0
0
0
0
0
0
0
0
0
0
0
0
0
0
0
0
0
0
0
0
0
0
0
0
0
0
0
0
0
0
0
0
0
0
0
0
0
0
0
0
0
0
0
0
0
0
0
0
0
0
0
0
0
0
0
0
0
0
0
0
0
0
0
0
0
0
0
0
0
0
0
0
0
0
0
0
0
0
0
0
0
0
0
0
0
0
0
0
0
0
0
0
0
0
0
0
0
0
0
0
0
0
0
0
0
0
0
0
0
0
0
0
0
0
0
0
0
0
0
0
0
0
0
0
0
0
0
0
0
0
0
0
0
0
0
0
0
0
0
0
0
0
0
0
0
0
0
0
0
0
0
0
0
0
0
0
0
0
0
0
0
0
0
0
0
0
0
0
0
0
0
0
0
0
0
0
0
0
0
0
0
0
0
0
0
0
0
0
0
0
0
0
0
0
0
0
0
0
0
0
0
0
0
0
0
0
0
0
0
0
0
0
0
0
0
0
0
0
0
0
0
0
0
0
0
0
0
0
0
0
0
0
0
0
0
0
0
0
0
0
0
0
0
0
0
0
0
0
0
0
0
0
0
0
0
0
0
0
0
0
0
0
0
0
0
0
0
0
0
0
0
0
0
0
0
0
0
0
0
0
0
0
0
0
0
0
0
0
0
0
0
0
0
0
0
0
0
0
0
0
0
0
0
0
0
0
0
0
0
0
0
0
0
0
0
0
0
0
0
0
0
0
0
0
0
0
0
0
0
0
0
0
0
0
0
0
0
0
0
0
0
0
0
0
0
0
0
0
0
0
0
0
0
0
0
0
0
0
0
0
0
0
0
0
0
0
0
0
0
0
0
0
0
0
0
0
0
0
0
0
0
0
0
0
0
0
0
0
0
0
0
0
0
0
0
0
0
0
0
0
0
0
0
0
0
0
0
0
0
0
0
0
0
0
1
0
0
2
4
4
1
1
0
1
1
0
0
1
0
0
2
0
2
3
0
0
1
3
4
3
3
5
1
6
3
0
2
0
1
3
4
1
4
9
9
9
1
1
2
1
0
2
0
0
0
0
0
2
6
22
24
32
43
72
73
78
82
85
87
89
91
91
92
93
95
99
102
102
105
107
108
114
115
116
121
123
126
128
130
131
131
132
137
139
140
141
143
146
147
148
148
148
149
153
153
155
157
161
162
162
162
170
172
172
173
175
180
183
184
189
189
189
191
191
193
195
198
200
200
202
207
207
220
235
235
237
240
241
248
249
252
254
254
259
261
267
269
272
276
280
281
285
290
292
295
295
300
301
302
303
303
305
306
312
315
317
324
325
334
336
338
340
343
344
350
351
352
354
356
356
356
359
359
361
362
364
365
369
369
370
372
375
376
376
376
379
379
385
385
389
392
392
392
392
396
397
398
398
399
401
402
403
406
406
406
409
413
414
415
417
417
419
419
420
423
424
426
427
429
434
438
439
439
441
442
444
446
447
449
456
458
459
460
462
464
464
468
472
473
492
493
494
498
501
508
508
509
511
512
513
519
526
526
533
534
536
542
543
552
553
553
558
559
560
562
564
571
571
572
574
578
584
584
587
588
590
592
594
594
595
596
603
603
606
609
612
615
617
618
620
625
627
627
638
638
639
641
643
649
650
650
650
663
668
674
679
680
682
684
684
691
696
697
699
701
702
709
710
714
714
716
716
716
717
722
723
724
725
726
726
728
731
731
737
737
744
747
747
750
752
755
761
762
762
764
766
767
768
770
770
773
775
775
777
778
779
779
781
783
783
784
785
786
791
791
795
796
796
800
802
803
806
807
808
809
810
811
818
827
828
828
831
831
833
833
837
844
845
845
852
852
852
854
855
856
857
857
858
858
859
860
863
864
868
878
880
881
885
888
890
891
895
898
903
909
916
918
921
924
924
925
925
925
928
932
933
934
934
935
936
938
942
942
944
945
947
949
958
960
962
964
969
976
981
984
985
986
989
989
992
994
995
995
997
999
1000
1001
1003
1007
1008
1008
1009
1018
1018
1018
1021
1028
1029
1029
1029
1029
1031
1034
1034
1042
1045
1058
1060
1061
1067
1075
1077
1077
1080
1092
1094
1096
1098
1098
1099
1102
1104
1112
1114
1115
1117
1121
1122
1123
1126
1127
1127
1127
1127
1130
1131
1133
1136
1136
1140
1141
1141
1143
1145
1146
1146
1146
1149
1151
1153
1155
1157
1159
1161
1163
1164
1173
1173
1174
1176
1177
1183
1184
1186
1187
1192
1200
1210
1216
1217
1219
1220
1221
1222
1225
1226
1227
1228
1233
1235
1242
1243
1254
1259
1275
1291
1308
1333
1371
1377
1402
1426
1528
1538
1546
1546
1555
1561
1575
1579
1624
1626
1635
1676
1682
1688
1692
1701
1718
1798
1833
1834
1847
1870
1906
1921
1931
1946
1955
1967
2004
2019
2050
2052
2178
2180
2190
2193
2205
2216
2216
2228
2235
2235
2240
2271
2271
2281
2281
2283
2290
2319
2319
2351
2351
2393
2393
2397
2398
2404
2405
2405
2408
2417
2417
2417
2417
2430
2448
2465
2477
2489
2492
2508
2508
2515
2550
2550
2567
2567
2597
2597
2604
2606
2606
2624
2624
2624
2664
2665
2665
2674
2674
2677
2679
2681
2684
2685
2687
2691
2694
2694
2697
2699
2701
2701
2701
2701
2701
2701
2705
2705
2705
2705
2705
2705
2795
2795
2797
2798
3469
4045
